1593 149
1594 149
1595 150
1595 151
1596 151
1596 152
1597 152
1605 161
1606 162
1607 163
1619 176
3316 2372
3343 2399
3346 2402
3347 2403
3352 2408
3353 2409
3354 2410
3355 2411
3356 2411
3356 2412
3357 2412
3357 2413
3358 2413
3358 2414
3359 2414
3359 2415
3360 2415
3360 2416
3361 2416
3361 2417
3362 2417
3363 2418
3364 2418
3365 2419
3373 2425
3374 2426
3375 2427
3376 2428
3381 2432
3382 2433
3390 2440
3391 2441
3396 2445
3397 2446
3400 2448
3401 2449
3402 2450
3405 2452
3406 2453
3407 2454
3408 2454
3409 2455
3410 2455
3427 422
3428 423
3429 424
3430 425
3435 431
3436 432
3447 444
3448 445
3449 446
3456 453
3457 454
3458 455
3459 456
3460 457
3461 458
3462 459
3463 460
3464 462
3465 463
3473 472
3474 473
3478 478
3496 501
3499 505
4473 24
4474 25
4475 26
4476 27
4477 28
4478 29
4480 31
4480 32
4481 33
4482 34
4484 36
4485 37
4486 38
4487 39
4488 40
4489 41
4490 43
4491 44
4492 45
4493 46
4494 47
4495 48
4496 49
4497 50
4497 51
4499 53
4500 54
4501 55
4502 56
4503 57
4503 58
4504 59
4505 60
4506 61
4507 62
4508 64
4509 65
4510 66
4512 69
4513 70
4513 71
4514 72
4515 73
4516 74
4517 76
4518 77
4518 78
4519 79
4520 81
4521 83
4522 85
4523 87
4524 88
4524 89
4525 90
4525 91
