1593 148
1594 149
1595 150
1596 151
1596 152
1597 152
1597 153
1598 153
1598 154
1599 154
1599 155
1600 155
1600 156
1601 156
1601 157
1602 158
1603 159
1604 160
1605 161
1606 162
1607 163
1608 164
1609 165
1610 166
1611 167
1613 169
1614 170
1614 171
1615 171
1615 172
1616 172
1616 173
1617 173
1617 174
1618 175
1619 176
1620 177
1621 178
1622 179
1622 180
1623 180
1623 181
1624 181
1625 183
1628 188
1629 189
1629 190
1630 190
3307 2364
3308 2365
3310 2366
3311 2367
3312 2368
3313 2369
3314 2370
3315 2371
