-11.5255 -2.0591 18.0038 120 100
-9.23642 -2.41341 16.9729 193 82
3.09585 0.330067 13.3416 786 207
-4.96319 1.16224 12.5102 298 260
-3.32469 1.68882 16.0194 447 269
-7.36251 -1.73221 17.0074 277 111
-6.47134 -3.21787 14.5286 265 19
-5.63702 1.13562 17.084 355 239
-6.98477 0.770625 31.1493 440 206
-4.52267 1.58331 16.0795 393 262
-11.7689 -0.45114 17.8036 104 168
-8.519 -0.861328 17.0968 226 150
-6.64582 -3.00058 16.6929 304 52
-8.13475 -2.55835 17.8179 258 80
-5.15197 -3.72412 17.7039 385 28
6.23053 -1.91877 9.97946 1102 35
6.05561 -1.51413 11.9326 1002 89
6.20728 -0.302036 12.6118 984 168
6.44147 -1.08217 14.8983 938 132
2.29711 -0.00413566 13.7829 735 188
0.329138 1.56822 7.68013 642 356
6.61486 -2.35172 35.8048 743 139
-6.24298 1.228 11.804 193 270
-12.0331 0.533664 17.6103 86 211
-11.9974 0.337088 16.3902 47 204
-6.89873 0.777126 11.6909 144 240
-5.59996 1.03548 7.93695 35 294
-6.48238 1.67174 11.3603 153 304
-11.1511 -2.65244 15.9939 75 61
-10.0696 -3.2354 14.8883 86 21
-8.66084 -3.04007 14.0796 133 23
1.93791 0.734722 53.9803 633.6 198
-3.91423 1.65569 8.39447 225.6 343.2
-11.8503 -0.379448 17.9268 103.2 172.8
-11.5811 -0.84635 17.7814 111.6 152.4
0.0932207 1.48833 17.6015 610.8 252
-2.77946 1.5632 15.2297 465.6 266.4
0.569309 -3.56922 46.4678 615.6 130.8
-0.965773 -6.42762 112.106 600 145.2
-0.212683 -5.41003 47.8852 603.6 104.4
-5.53262 1.48958 11.7949 238.8 286.8
-5.80132 1.40506 11.7741 214.8 282
-0.567983 1.54138 8.47217 552 334.8
-4.51656 1.55116 15.9787 392.4 261.6
-4.95352 1.54596 16.395 374.4 259.2
-5.54964 1.11819 17.1814 361.2 237.6
-8.77919 -1.08742 16.5559 201.6 136.8
-8.08673 -1.38723 16.8404 236.4 127.2
-8.32499 -1.0163 16.5229 220.8 140.4
-6.23832 -2.54381 16.2957 316.8 73.2
-6.61235 -2.98547 16.6088 303.6 51.6
-6.70833 -3.20342 15.7493 282 33.6
-8.72458 -2.3811 16.5834 208.8 82.8
-6.12175 -3.3128 16.2871 320.4 33.6
-1.03954 -7.24357 178.229 602.4 158.4
-8.49641 -0.0514087 16.6789 217.2 184.8
-10.7372 -2.52074 32.8176 363.6 130.8
-5.39049 -3.66462 18.5235 385.2 38.4
6.32178 -1.45823 9.77706 1120.8 69.6
6.27836 -1.89287 9.98931 1107.6 37.2
6.18748 -0.954116 9.36782 1131.6 105.6
5.8377 -0.902309 9.37114 1100.4 110.4
5.62446 -1.75268 12.4479 955.2 79.2
5.95719 -1.52218 11.7387 1002 88.8
6.034 -2.46504 11.9556 998.4 30
6.45214 -1.08396 14.9229 937.2 132
0.700445 1.58794 8.86365 670.8 332.4
3.14907 -1.18868 10.3933 849.6 104.4
-1.83343 1.4767 16.6426 522 255.6
-1.11818 1.55868 10.0235 517.2 310.8
0.029356 1.50719 11.6771 608.4 289.2
-0.379234 1.56842 12.2839 582 286.8
-4.9328 1.68023 18.6441 405.6 255.6
-4.72412 1.68582 13.9641 345.6 280.8
-2.20548 1.59924 9.59742 422.4 320.4
-19.1345 -12.19 104.052 472.8 102
-5.5524 1.62983 10.87 204 306
-5.44098 1.53872 13.5248 295.2 274.8
-8.72256 0.832347 11.7819 26.4 243.6
-11.8123 0.309439 16.1374 46.8 204
-7.02077 0.772501 11.8697 144 240
-6.2044 1.68091 8.89891 45.6 339.6
-5.71485 1.0434 8.08385 33.6 294
-9.31931 -2.45889 17.1252 194.4 81.6
-11.9443 -3.45275 16.6338 58.8 28.8
-11.3478 -1.80222 16.7781 87.6 104.4
2.68227 1.5074 9.27864 838.8 316.8
6.15464 0.567459 10.7961 1056 229.2
6.263 1.09128 8.93635 1171.2 285.6
6.10317 0.810443 9.27926 1130.4 258
0.57367 -3.53142 46.8238 614.88 131.04
-6.40071 -3.67105 18.1727 338.4 34.56
-6.37298 0.63477 51.9459 518.4 197.28
-11.6708 -0.409463 18.1519 119.52 172.8
-11.8231 -0.478099 17.8856 103.68 168.48
-11.6752 -0.681583 18.0029 113.76 159.84
-0.422063 -4.39084 95.0268 603.36 154.08
-12.5414 -1.9577 41.1303 383.04 154.08
-8.61993 -0.0986956 16.8295 217.44 184.32
-8.52623 -0.885863 17.1113 227.52 149.76
-7.45342 -2.31356 17.1075 277.92 82.08
-8.37007 -1.04203 16.5666 221.76 139.68
-8.42104 -1.48351 16.3523 213.12 119.52
1.82939 -4.6496 24.9032 660.96 48.96
-15.4738 -16.7676 459.782 578.88 162.72
-5.40776 -3.67636 18.5829 385.92 37.44
6.1847 -0.966712 9.36361 1133.28 105.12
6.1655 -2.48146 12.2839 999.36 27.36
3.09608 0.31153 13.3425 786.24 205.92
0.208868 1.49688 11.7236 622.08 289.44
2.33841 -0.00428149 14.2689 732.96 180
-1.36003 0.919723 9.47417 499.68 267.84
0.124799 1.57956 8.30122 619.2 342.72
-0.441388 1.56007 9.85606 570.24 313.92
-0.414882 1.53971 12.3276 576 283.68
-4.91932 1.552 15.9873 374.4 259.2
-4.6694 1.57343 16.9362 396 259.2
-2.26369 1.60433 9.79145 423.36 319.68
-2.48032 1.57714 13.695 468 277.92
-17.6071 -11.3501 95.7465 473.76 102.24
-5.03254 1.1392 12.6407 298.08 259.2
-5.50018 1.48084 11.7258 239.04 286.56
-5.58207 1.62334 10.9281 205.92 305.28
-5.40126 1.51932 13.5196 295.2 275.04
-12.095 0.27036 16.4922 46.08 203.04
-7.01069 0.754904 11.8527 144 239.04
-5.95872 1.75966 9.24769 89.28 341.28
-6.22453 1.67061 8.91001 44.64 339.84
-5.88813 1.06345 8.32896 33.12 293.76
-4.53579 1.64498 8.39938 169.92 347.04
-6.18347 1.66425 10.3326 132.48 315.36
-8.82185 -1.13601 16.5928 201.6 136.8
-11.6852 -2.77395 16.7266 73.44 60.48
-11.8411 -3.41629 16.4582 59.04 28.8
-10.5997 -1.66288 15.481 84.96 106.56
6.18336 -0.950418 10.0155 1098.72 115.2
-8.40598 -1.06965 16.6377 221.184 139.968
-8.54212 -0.887514 17.1432 226.368 148.608
-11.6868 -0.057012 18.4968 120.96 183.168
-11.6818 -0.447802 17.6719 103.68 169.344
-8.36589 -1.94956 28.4757 387.072 136.512
-5.21674 -3.57926 17.8412 395.712 41.472
-11.5526 -1.81906 46.3446 423.36 158.976
1.28367 -7.01329 46.5879 627.264 77.76
-8.7282 -3.37595 96.2425 540.864 165.888
-7.35178 -2.10093 16.9282 274.752 95.04
6.52583 -1.03596 9.90093 1131.84 105.408
5.66322 -0.885507 7.74246 1199.23 86.4
6.33557 -1.44853 9.27934 1154.3 63.936
6.22767 -0.927075 10.0646 1099.01 114.048
5.97527 -1.48638 10.991 1033.34 81.216
6.47246 -1.11178 15.0183 938.304 131.328
3.08353 0.291782 13.2885 786.24 205.632
3.389 0.218979 10.6474 858.816 203.904
1.88605 0.715058 52.5356 632.448 198.72
2.27568 0.0151504 13.8861 734.4 190.08
0.714786 1.55609 9.91808 663.552 312.768
0.225693 1.51666 11.7505 620.352 290.304
0.11941 1.50988 17.8564 611.712 252.288
0.16124 1.56515 14.8464 616.896 269.568
-0.393451 1.5401 12.1949 575.424 283.392
-5.58168 1.09589 17.2065 361.152 238.464
-2.22707 1.58793 9.69136 423.36 319.68
-2.54228 1.5668 13.1295 466.56 278.208
-17.2405 -12.7705 97.4379 478.656 93.312
0.0540793 -4.36925 48.1612 606.528 120.96
-4.26116 -5.13117 69.3136 561.6 134.784
-19.5166 -12.6713 94.6713 457.92 91.584
-5.52987 1.48443 11.7542 238.464 286.848
-5.90683 1.71778 11.5638 205.632 305.856
-4.69231 1.69517 10.8045 264.384 312.768
-5.45494 1.52381 13.5595 295.488 274.752
-7.5544 0.625695 11.904 110.592 229.824
-5.9763 1.75194 9.27497 88.128 342.144
-6.23214 1.67838 8.88551 43.2 340.416
-8.9395 -2.02499 17.0822 209.088 98.496
-8.83275 -0.826163 16.3987 195.264 150.336
-7.21306 -1.72023 16.6622 276.48 110.592
-10.417 -2.51438 14.9112 72.576 60.48
-12.1309 -0.372422 16.5098 44.928 172.8
-11.0718 -1.75534 17.7185 133.056 112.32
-4.65867 1.6852 8.60477 174.528 340.416
-1.15112 1.57066 10.1917 518.4 311.04
5.99867 -1.04174 10.9779 1035.07 112.32
6.18214 0.82093 9.39933 1130.11 259.2
6.16043 0.467685 12.5521 990.144 217.728
-8.97171 -0.813887 16.6138 194.918 149.299
-8.56836 -1.50539 16.5936 213.581 120.269
-5.41092 -3.71249 18.5053 387.763 47.6928
-9.18543 -3.20458 29.4523 377.395 107.827
-9.54089 -2.28133 32.0203 377.395 134.784
-7.46806 -1.75142 17.196 275.789 109.901
2.30823 -4.25005 23.1075 680.141 49.7664
1.77559 -4.69052 25.1223 659.405 47.6928
-13.0979 -0.733046 101.032 512.179 180.403
6.07443 -1.38719 10.8137 1049.24 87.0912
6.26365 -1.04892 14.4405 939.341 130.637
3.08317 0.310232 13.2869 785.895 205.286
0.68992 1.57974 8.8869 671.846 333.85
0.64615 1.51921 14.6033 640.742 267.494
-6.54765 0.0775815 71.1077 541.21 188.698
-2.0555 1.58331 15.8554 508.032 265.421
-0.449542 1.56169 9.45099 570.24 317.261
0.158117 1.47979 11.5898 609.638 288.23
-5.46575 1.12 16.8491 360.806 236.39
-2.11585 1.56892 9.49477 429.235 321.408
-3.12552 1.59885 15.3688 452.045 267.494
-12.3163 -10.6012 95.0032 512.179 107.827
-0.154338 -5.64588 50.5958 607.565 120.269
-5.1156 1.13015 12.9397 298.598 257.126
-5.69803 1.52058 12.0404 236.39 286.157
-6.00126 1.47926 11.977 213.581 284.083
-5.47776 1.53018 13.6162 296.525 273.715
-11.9561 0.244574 16.3027 45.6192 199.066
-8.35662 1.22732 11.7975 49.7664 269.568
-9.0168 -2.0425 17.2299 209.434 97.4592
-11.7433 -1.43304 31.0139 325.555 153.446
-7.25607 -1.71943 16.6545 263.347 111.974
-10.6046 -2.52848 15.1196 72.576 60.1344
-8.48995 -2.65897 15.025 167.962 62.208
-10.2835 -3.04137 16.169 120.269 43.5456
-12.0163 -0.13189 18.1779 103.68 170.035
-12.0128 -0.416649 16.4424 45.6192 172.109
-11.601 -0.457211 18.0432 118.195 172.109
6.15823 -1.16145 11.1003 1034.73 111.974
6.26696 -0.932924 10.1281 1099.01 114.048
6.29177 1.08596 8.99525 1169.51 282.01
6.19483 0.571165 10.8666 1055.46 230.17
0.85217 0.958824 78.4645 614.615 196.577
-2.02358 -5.98115 177.554 599.685 164.229
-7.84048 -1.72232 17.3853 281.18 99.5328
-7.62218 -2.04597 17.0591 266.25 99.5328
-7.55367 -2.12761 17.3376 276.204 94.5562
-1.97356 1.52019 15.2233 507.617 266.25
6.23968 0.841182 8.92078 1169.51 263.762
5.93824 -1.39675 10.5451 1050.07 87.0912
6.05568 -1.54735 11.9328 1002.79 84.6029
-4.61022 1.69061 10.3181 263.762 313.528
-5.46186 1.52048 13.5299 298.598 273.715
-11.9005 -1.37998 31.7792 325.97 154.276
-2.61573 1.62213 10.9199 420.526 303.575
-3.14245 1.59694 15.5584 452.874 266.25
-15.2262 -12.6707 114.982 512.594 109.486
0.157419 1.5437 9.58416 612.127 311.04
0.209061 1.51459 11.7344 619.592 288.645
-0.396727 1.55292 12.2965 582.267 286.157
-12.459 -0.358229 16.9243 47.2781 169.206
2.08309 1.18508 35.8177 649.452 211.507
-12.2342 0.24979 16.6504 47.2781 199.066
0.707803 1.55728 10.0145 664.382 308.552
-5.49549 1.47086 11.6467 236.39 286.157
-6.05947 1.47269 12.0597 213.996 283.669
2.36246 1.48337 17.5428 699.218 248.832
-7.82683 0.540632 13.0484 149.299 213.996
-5.0297 0.63097 12.0044 281.18 231.414
-9.06784 -2.41103 16.7918 199.066 82.1146
-7.21748 -2.75048 14.7315 231.414 47.2781
-11.5031 -1.81967 18.3679 131.881 111.974
-10.6122 -3.16871 16.7224 124.416 52.2547
-4.73531 1.52478 16.9191 393.155 256.297
-5.38298 1.08461 16.6654 360.806 236.39
-13.1167 -0.135465 23.0994 179.159 184.136
1.11501 -6.4629 45.0115 624.568 82.1146
1.68786 -4.7798 24.8596 659.405 47.2781
-0.890513 1.44617 22.7062 577.29 236.39
-0.0134188 -4.53876 50.0296 612.127 129.393
3.19647 -2.15933 59.2106 644.475 161.741
-8.70571 -0.0994078 16.9509 213.996 181.647
-8.46523 -0.881988 17.0364 228.925 146.811
6.34327 -0.257047 12.9983 985.375 159.253
6.41887 -1.08888 14.9907 940.585 129.393
6.20478 0.827436 9.47382 1132.19 258.785
6.27087 0.576768 10.9732 1057.54 231.414
6.18111 0.847264 8.85465 1167.52 265.753
6.18884 0.818357 9.36988 1134.67 259.781
-4.83693 1.53462 17.0283 385.192 259.781
6.56684 -1.13816 15.0911 940.585 128.397
6.20147 -1.4127 11.0126 1048.08 86.5936
5.95631 -1.37157 10.5772 1039.12 80.6216
6.01943 -0.997609 9.66288 1104.81 113.467
-11.985 -1.88021 17.5043 80.6216 104.509
0.703394 1.53629 10.1519 662.889 307.556
0.62707 1.50185 14.6321 641.987 268.739
1.1785 -7.23739 50.4055 606.155 89.5795
-8.14169 0.0634641 16.3853 235.893 188.117
-11.1602 0.0796362 20.5606 200.061 191.103
0.127155 1.49488 11.7079 612.127 304.57
-0.446168 1.5429 9.66266 570.323 316.514
0.160452 1.51801 11.7609 618.099 289.641
-0.474431 1.47724 12.097 576.295 283.669
-2.56443 1.57305 10.8956 424.01 298.598
-2.59961 1.56833 13.1423 450.884 265.753
6.50189 -5.00421 35.1933 743.51 80.6216
-6.16244 1.49772 12.2647 214.991 283.669
-4.68639 1.69303 10.7909 265.753 313.528
-5.33736 1.66625 13.6447 298.598 274.711
1.9138 1.14347 34.5602 647.959 212.005
-5.19298 0.651454 12.3941 280.683 229.921
-5.62778 0.161454 13.2125 277.697 197.075
-3.73448 1.57716 19.2866 459.842 250.823
-12.1877 -0.466215 18.3985 101.523 170.201
-15.4878 -10.1531 78.2985 462.828 92.5655
-4.80316 1.56273 17.0767 391.164 256.795
-5.447 1.07405 16.8636 361.304 235.893
1.22335 -4.24159 26.0127 644.973 62.7057
-11.1863 -2.20253 17.5502 122.425 92.5655
-12.5467 -0.0990844 22.1499 179.159 182.145
0.32878 -3.84478 49.165 609.141 131.383
-3.96457 -4.65315 61.697 561.365 131.383
-9.2713 -2.47789 17.2575 191.103 80.6216
-9.23262 -0.673843 18.4773 229.921 161.243
-8.37774 -0.99853 17.0031 229.921 146.313
-8.97738 -0.835375 16.5816 191.103 149.299
-6.8323 0.291354 43.7768 483.729 182.145
-7.89956 1.48114 11.3529 59.7197 292.626
6.22333 0.572396 10.89 1060.02 229.921
-5.40821 0.751269 12.3344 265.155 236.49
-4.93162 1.0895 12.4744 304.57 243.656
-4.59598 0.578482 11.0058 279.488 229.324
-5.1821 0.724675 13.7871 329.653 214.991
-5.61844 0.142372 13.1476 275.905 197.075
2.15206 0.0703242 13.3586 730.969 193.492
-12.0934 0.365484 17.7709 89.5795 204.241
2.77399 -0.28185 9.54997 827.715 143.327
-6.03477 1.45401 12.0439 211.408 293.821
-5.87605 1.27248 11.7598 211.408 283.071
-5.2165 1.58738 13.1487 293.821 297.404
-7.87126 -2.25987 17.6165 279.488 100.329
-7.25131 -2.65518 16.8589 272.322 85.9964
-11.3818 -1.00196 17.4755 121.828 139.744
1.16416 -4.03635 24.754 644.973 68.0805
-0.747289 0.63279 58.4362 601.974 182.742
0.288999 -3.4397 43.2162 609.141 128.995
-3.66259 1.53149 19.0522 458.647 250.823
-5.36417 0.586611 28.5227 465.814 204.241
-14.2273 -11.6806 87.2694 476.563 93.1627
-21.885 -15.2372 113.842 465.814 89.5795
-4.84681 1.52283 16.8976 404.9 250.823
-5.96421 1.07823 17.7024 347.569 236.49
-8.33786 0.0876003 16.6403 211.408 175.576
-8.5875 -0.824911 17.331 240.073 154.077
-8.33786 -1.08693 16.5484 229.324 146.91
-0.270983 0.567733 46.46 598.391 197.075
-9.07609 -1.44553 16.1818 175.576 118.245
-11.9431 -0.748531 19.0705 143.327 150.494
-8.90939 -2.5632 17.3475 207.825 93.1627
-8.08091 -2.54142 17.7 254.406 82.4132
-14.2321 -0.723955 83.7267 483.73 179.159
-3.03718 1.65779 19.2883 490.896 250.823
-11.8371 -0.607096 70.2117 494.479 197.075
-9.92978 -3.61485 52.7993 465.814 136.161
-12.0939 -2.33952 18.8507 121.828 96.7459
-12.5195 -1.44106 33.1857 329.653 154.077
-0.0794604 -6.40952 47.8874 605.558 89.5795
-2.5575 1.53943 13.2081 455.064 279.488
-0.472724 1.48869 12.0534 573.309 286.655
-1.96063 1.50534 15.2876 501.645 265.155
6.60241 -2.48991 34.948 741.719 136.161
0.659109 1.50824 14.8961 637.806 268.739
6.16093 -0.232096 12.6247 985.375 171.993
6.47146 -1.12523 14.9196 938.794 128.995
5.9389 -1.44165 12.4537 978.209 96.7459
6.15914 -1.35524 9.00258 1150.2 68.0805
6.12258 -1.40986 10.8725 1046.29 85.9964
6.10863 0.446439 12.4465 985.375 214.991
6.23616 0.854482 9.48146 1132.29 261.572
6.31835 0.57832 11.0027 1053.46 222.157
