-5.62138 1.19885 16.0233 339 243
-17.9618 -16.4939 533.71 582 162
6.54389 -2.22691 34.6382 746 136
-11.9077 0.589096 16.4238 52 213
-18.3711 -11.308 97.6839 470.4 100.8
-4.42556 1.58648 14.8527 378 267.6
-4.9918 1.57945 15.3881 358.8 264
-1.17374 -6.5625 117.305 600 144
-0.280319 -5.42984 48.0606 601.2 105.6
-11.7318 -0.401378 16.7599 72 168
-11.6901 1.18649 34.4134 356.4 210
-5.56741 1.51982 10.8403 204 297.6
-5.85491 1.45592 10.9266 183.6 291.6
-6.15274 0.735679 49.0386 514.8 196.8
-8.31396 1.26582 29.5586 398.4 217.2
5.333 -0.881456 62.0261 669.6 174
-5.28238 -3.49989 17.09 372 28.8
-10.616 -4.1072 79.3343 508.8 147.6
1.25138 -6.7737 45.4161 626.4 75.6
6.34055 -0.97099 8.70157 1191.6 94.8
6.28737 -1.42489 8.81367 1183.2 54
3.11967 0.380073 12.5419 800.4 207.6
0.682409 1.59483 7.81047 679.2 351.6
0.0641659 1.52654 16.4314 610.8 255.6
-4.8103 1.69455 21.452 439.2 244.8
-4.85507 1.67567 17.2612 394.8 260.4
-2.26193 1.64625 8.78006 399.6 337.2
-3.23388 1.69139 14.5118 434.4 274.8
-10.8586 -2.45108 28.783 327.6 123.6
-4.93091 1.19264 11.4641 268.8 267.6
-6.29287 1.28814 10.9217 152.4 278.4
-7.27487 -1.63513 15.838 254.4 106.8
-10.6778 -2.49224 14.423 38.4 54
-1.01366 -5.6675 101.307 599.04 144
-5.49705 1.50469 10.7324 203.04 298.08
-6.06869 -5.24565 65.9062 535.68 125.28
-5.59227 0.73886 45.0713 515.52 197.28
-8.62625 -1.00736 16.0154 195.84 138.24
-11.5485 -0.773072 16.7309 83.52 159.84
-11.4899 -4.0067 69.882 486.72 142.56
-5.35901 -3.57478 17.3379 371.52 28.8
-11.9848 -1.77084 46.7736 417.6 158.4
6.39304 -0.975304 8.74023 1192.32 95.04
5.69455 -1.38778 10.3685 1039.68 77.76
3.07898 0.340677 12.3784 800.64 207.36
-1.13155 1.56553 9.01868 508.32 325.44
-0.480486 1.65082 9.28675 565.92 328.32
-0.39844 1.59397 11.3692 578.88 296.64
-5.7663 1.20982 30.214 463.68 214.56
-2.23855 1.62592 8.73649 400.32 336.96
-2.47768 1.63379 12.7959 455.04 285.12
-15.6371 -9.69686 83.766 470.88 100.8
-0.199885 -5.33491 45.0039 604.8 99.36
-4.65972 -4.87301 75.7967 560.16 133.92
-11.3759 -1.29983 29.9334 325.44 154.08
-5.46409 1.55393 12.5816 269.28 282.24
-5.71405 1.71175 10.1876 162.72 319.68
-12.3434 -2.75537 31.3326 315.36 120.96
-10.9383 -1.68888 16.582 105.12 109.44
2.64894 1.50099 8.2502 869.76 334.08
6.20874 0.605706 9.94456 1103.04 231.84
-11.8194 -0.403574 16.8516 72.576 169.344
-13.6609 -7.32892 99.0016 506.304 131.328
-11.9797 -4.39361 64.174 471.744 134.784
-17.1628 -10.4295 105.276 490.752 112.32
-12.0942 -1.78699 47.2004 418.176 157.248
-5.56702 1.51972 10.8396 202.176 297.216
-7.52223 -2.03673 16.229 254.016 89.856
-8.65492 -0.844976 16.3215 198.72 152.064
-8.44989 -1.0112 15.7286 195.264 138.24
6.12903 -1.50007 10.3471 1076.54 69.12
3.07465 0.340197 12.361 800.064 207.36
1.7723 0.913349 51.3572 632.448 196.992
2.2587 0.0852185 12.8043 743.04 188.352
0.190562 1.55912 10.6961 623.808 309.312
-0.812781 1.60759 21.4863 577.152 241.92
-2.01294 1.63937 14.5879 502.848 271.296
-5.4284 1.16386 15.8503 343.872 240.192
-2.26307 1.64373 8.83216 406.08 340.416
-2.52515 1.6594 12.8563 456.192 286.848
-16.963 -12.1079 94.386 476.928 91.584
-0.655428 -4.8797 112.373 601.344 152.064
-4.18031 -4.63487 65.0543 559.872 133.056
-4.53594 1.70512 8.83193 195.264 342.144
-7.03589 0.832173 10.9194 98.496 247.104
-7.60128 0.669392 10.9902 62.208 235.008
-11.8301 -1.31328 30.2431 316.224 153.792
-10.1744 -2.38043 13.6659 36.288 53.568
-10.9247 -1.68678 16.5614 103.68 108.864
-11.9433 -0.322653 17.5504 89.1648 172.109
-11.836 -0.380666 16.8753 72.576 170.035
2.6241 -4.90945 25.9088 682.214 41.472
1.73086 -4.61775 24.0168 661.479 39.3984
1.20092 -6.56116 43.5845 634.522 70.5024
-16.2682 -12.9374 400.595 576.461 161.741
5.84265 -1.01595 9.84056 1086.57 95.3856
6.50885 -0.996764 8.93254 1194.39 93.312
3.34052 0.23687 9.5745 885.427 205.286
-5.27799 0.222011 57.3191 539.136 188.698
-0.482738 1.67153 9.33027 564.019 329.702
-5.43857 1.11732 15.8158 344.218 240.538
-3.13518 1.65219 14.5222 439.603 273.715
-0.0804086 -4.39626 48.4589 605.491 118.195
-10.9597 -3.10057 31.7431 350.438 114.048
-4.90441 1.17037 11.4025 275.789 263.347
-5.7548 1.56251 11.1448 201.139 296.525
-5.71144 1.64257 13.1512 271.642 282.01
-6.22422 1.85375 11.1248 163.814 317.261
-6.11588 1.53263 11.153 176.256 294.451
-12.8062 -1.46198 32.6224 323.482 153.446
-11.3889 -2.55129 29.012 315.187 120.269
-10.0067 -2.34121 13.4408 39.3984 53.9136
-9.66348 -2.35131 79.67 517.571 166.717
-7.25463 -1.64757 15.7462 253.809 102.021
-13.0903 -1.99781 41.973 375.736 149.299
-8.53361 -1.99393 27.9865 388.178 131.881
-8.50463 -1.01775 15.8304 196.577 134.369
-1.9671 1.58221 14.2557 500.152 271.227
6.12506 -0.886933 8.95276 1159.56 104.509
-2.58362 1.62565 9.92157 405.596 311.04
-0.384543 1.53837 10.9726 574.802 308.552
0.223565 1.56698 10.8536 619.592 298.598
0.701716 1.59418 9.03885 669.358 325.97
0.179123 1.55931 10.9055 634.522 301.087
0.636079 1.58567 13.9375 641.987 273.715
-5.73252 1.55646 11.1017 201.554 296.11
0.57514 1.54836 16.6663 634.522 256.297
-5.28991 1.50188 12.2988 278.692 288.645
-15.9626 -10.9588 66.6392 425.503 72.1613
6.29605 -4.91401 33.5735 746.496 77.1379
-11.9227 -0.359806 16.9988 72.1613 169.206
-11.1303 -1.73467 16.8021 99.5328 116.951
1.80177 -4.80692 25.0007 664.382 54.743
-2.92619 -7.57752 256.751 597.197 161.741
-5.67684 0.088705 81.303 554.895 186.624
-11.0584 -1.22246 32.2893 350.853 156.764
-11.1171 -3.08788 32.0699 350.853 114.463
4.41578 -2.90517 86.2416 644.475 161.741
1.37917 -3.55529 45.4631 627.057 131.881
6.18599 -1.37207 10.0424 1084.91 64.6963
6.25384 0.625435 10.0392 1104.81 233.902
3.04446 0.338752 12.3084 801.239 206.531
7.00562 -1.1658 15.1776 964.473 122.425
6.08113 -1.04546 13.1351 979.403 122.425
-11.3442 -1.27751 29.4193 319.5 155.271
-0.0807277 -6.51174 48.6512 606.155 86.5936
0.69644 1.54753 9.13457 665.875 310.542
0.648506 1.58801 13.7894 644.973 274.711
-6.09628 1.51226 11.1173 176.173 295.612
6.39292 -4.97912 34.3449 746.496 77.6356
0.152612 1.46557 10.1512 618.099 298.598
-0.48239 1.51221 11.1169 573.309 292.626
-4.80628 0.643167 10.5596 247.837 235.893
-2.60908 1.6063 10.2381 406.094 310.542
-3.55418 1.55375 17.2407 444.912 274.711
-3.07452 1.60042 14.2412 429.982 277.697
0.569467 1.55604 16.5019 633.029 256.795
2.62615 1.61966 45.1555 647.959 212.005
-13.0557 -10.551 72.0865 474.772 80.6216
1.24169 -4.15667 24.2505 644.973 59.7197
-8.48573 -0.877585 16.0869 200.061 149.299
-1.00697 1.69373 23.9748 576.295 238.879
-11.7731 -0.928595 17.0219 80.6216 143.327
-6.47681 0.511851 63.6114 534.491 188.117
-5.57467 0.560848 37.3848 495.673 197.075
-4.74464 1.57557 15.3502 394.15 256.795
-5.47939 1.12571 15.9345 343.388 241.865
-10.9252 -1.24706 31.7714 352.346 158.257
-11.2215 -2.98177 32.371 352.346 122.425
-92.3666 -75.4607 2441.76 582.267 164.229
0.124248 -3.72743 49.4227 609.141 128.397
-4.96806 1.6418 16.6734 379.22 259.781
-1.97631 1.59347 14.1795 498.659 271.725
2.41379 0.828604 33.4928 659.305 200.658
1.51436 1.01894 27.347 644.973 211.408
-5.95974 1.16322 16.4655 333.236 240.073
-5.92748 1.47412 10.8369 175.576 293.821
1.32094 -4.20664 25.7983 641.39 71.6636
-15.4696 -9.40057 94.8899 487.313 121.828
-20.961 -14.7336 114.854 487.313 89.5795
-2.52552 1.55627 11.9288 447.898 286.655
-3.83929 1.66714 18.4988 451.481 254.406
-5.50147 1.56456 12.6677 275.905 279.488
-5.18231 0.769099 10.8867 247.24 236.49
-11.9155 -2.18649 17.6176 89.5795 89.5795
-7.75574 0.609342 11.908 96.7459 225.74
-10.1854 -1.66013 32.9525 397.733 154.077
-5.53337 0.730983 27.974 462.23 204.241
0.115984 -3.67207 46.1358 609.141 128.995
-8.82243 -0.0943516 16.0887 186.325 175.576
-13.6657 -0.102628 22.9421 157.66 182.742
-8.25128 -2.70425 28.0856 386.984 114.662
-17.0366 -12.9244 98.6119 472.98 78.83
-7.28954 -2.00765 15.822 257.989 93.1627
-8.0662 -2.35723 16.4172 232.907 78.83
-8.90486 -2.25168 15.6821 161.243 89.5795
-15.0697 -1.9705 58.4954 419.232 161.243
-9.38478 -3.24826 47.4448 458.647 136.161
-10.7905 -1.21079 27.8828 318.903 154.077
-5.55014 1.50694 10.7485 200.658 297.404
-0.168551 -7.39565 55.2551 601.974 85.9964
-0.52489 1.54713 11.0351 573.309 293.821
7.42046 -2.72932 39.8651 748.885 132.578
6.65395 -5.1551 35.2207 745.302 78.83
0.522517 1.4512 12.6015 637.806 272.322
5.56122 -0.209251 10.5814 1017.62 154.077
6.12607 -1.87082 12.6615 978.209 68.0805
6.23238 -0.905936 9.01795 1157.37 93.1627
6.00229 -1.33433 9.7662 1092.87 75.2468
6.12887 0.508877 11.5091 1021.21 214.991
3.4105 0.252013 8.31613 931.627 207.825
6.4709 0.533925 10.4342 1107.2 232.907
