-5.54981 1.19575 14.8756 321 244
-21.4866 -19.8003 613.102 579 159
-5.04795 1.59595 14.562 343.2 267.6
0.475475 -6.46877 43.7799 615.6 73.2
-11.8531 -0.381281 15.9207 37.2 165.6
-14.2391 -12.0345 99.1917 502.8 93.6
5.66602 -1.02817 65.8993 670.8 171.6
-6.44248 0.745526 49.695 513.6 194.4
-7.09867 -6.23006 78.2743 538.8 122.4
1.13199 -6.63379 43.2674 627.6 69.6
-42.1048 -33.484 1036.81 578.4 158.4
-4.5741 1.6322 14.3465 363.6 270
-20.3855 -12.6622 106.815 469.2 97.2
-0.999611 -5.7279 99.902 599.04 139.68
-11.7922 -0.379324 15.839 36 165.6
-12.0306 1.18702 34.4289 348.48 208.8
-8.31385 1.26319 28.5692 391.68 216
-18.1365 -15.5948 183.13 534.24 120.96
-5.45861 1.51339 9.7322 159.84 308.16
-5.879 1.46609 9.96281 138.24 300.96
-6.15602 0.786877 48.0004 514.08 194.4
-10.7412 -2.46014 62.6774 479.52 154.08
-12.7105 -4.53239 75.3925 485.28 139.68
-7.25172 -1.62186 14.7178 228.96 99.36
1.52341 -3.22532 22.9069 656.64 76.32
1.8613 -4.0165 22.0041 671.04 44.64
1.72119 -4.44786 22.1707 665.28 31.68
5.93189 -1.4866 9.87519 1085.76 61.92
3.15753 0.356753 11.7724 819.36 205.92
0.712308 1.59396 8.02491 681.12 345.6
2.29238 0.0298983 12.0454 754.56 184.32
-0.409993 1.55589 10.0958 577.44 305.28
-5.59026 1.16363 15.2686 325.44 241.92
-4.87089 1.7024 20.8182 430.56 244.8
-5.33336 1.70213 11.7897 253.44 296.64
-5.61324 1.68683 9.06374 112.32 332.64
-11.551 -1.31869 29.425 315.36 149.76
-11.1527 -2.47642 28.6132 316.8 118.08
-11.5624 -2.03137 16.0089 54.72 86.4
-6.21688 1.24104 30.9935 461.376 212.544
1.16085 -6.40087 42.1304 627.264 69.12
-12.2876 -4.62078 64.8566 468.288 131.328
-11.5092 -4.61332 50.0835 438.912 115.776
-17.0827 -12.2679 93.6026 475.2 88.128
-13.5218 -7.2445 96.0562 506.304 127.872
-16.7573 -10.2934 101.064 489.024 108.864
-8.55578 -0.980044 14.9211 165.888 134.784
-6.81363 0.333456 41.4409 485.568 188.352
6.16229 -1.52761 9.44908 1131.84 51.84
3.10809 0.351167 11.5881 819.072 205.632
2.22621 0.0290352 11.6977 755.136 184.896
-0.870195 1.60777 20.7183 577.152 240.192
-1.14507 1.61366 8.29842 494.208 342.144
0.0245018 1.52913 9.74623 609.984 309.312
-4.68897 1.64481 15.8105 380.16 262.656
-4.80355 1.69734 20.409 430.272 245.376
-2.46581 1.6167 11.6468 442.368 292.032
-15.3343 -12.9041 124.99 518.4 107.136
-0.281122 -5.51244 48.1982 603.072 98.496
-4.57883 -4.96104 68.2989 559.872 129.6
-19.2558 -11.9605 100.895 466.56 89.856
-11.2162 -1.24993 31.8446 347.328 153.792
-5.81887 1.66525 12.3685 240.192 288.576
-5.54661 1.60491 14.2812 309.312 269.568
-5.34728 1.70726 11.7124 252.288 297.216
-5.5059 1.53634 9.79223 158.976 307.584
-11.4658 -1.26832 29.2078 314.496 150.336
-11.7231 -2.61653 28.8413 304.128 115.776
-11.4462 -1.73714 16.3845 70.848 101.952
-11.6807 -0.35391 15.6891 36.288 165.888
6.21733 0.574127 9.01433 1162.94 235.008
-14.4165 -9.00663 88.4301 487.296 107.827
-7.29411 -1.98704 14.8458 236.39 80.8704
-9.15093 -2.04488 28.7016 369.101 130.637
-7.66214 -2.72087 80.7706 537.062 157.594
3.1348 0.354185 11.6877 819.072 205.286
3.63521 -4.06877 21.6311 740.275 39.3984
2.27649 0.0466723 12.0499 754.791 184.55
-3.09156 1.59148 19.4617 487.296 244.685
-5.50848 0.22491 58.0677 532.915 188.698
-2.00342 1.63378 13.6908 495.59 273.715
-0.422883 1.61929 10.4132 576.461 304.819
-5.63349 1.16819 15.3285 327.629 242.611
-4.80471 1.60979 15.2697 364.954 267.494
-0.186788 -5.04386 42.0551 603.418 99.5328
-0.0773492 -4.29383 46.6151 605.491 114.048
-11.7641 -3.25742 32.8806 342.144 97.4592
-5.60881 1.54735 9.95064 157.594 306.893
-5.95484 1.50598 10.044 128.563 304.819
-5.50885 1.33935 9.84619 161.741 290.304
-11.9433 -1.32133 29.484 313.114 149.299
-11.1343 -1.70519 15.8748 70.5024 101.606
-8.48166 -0.971554 14.7919 165.888 132.71
-11.2481 -2.39643 89.6499 525.036 161.741
3.39026 0.24144 8.77266 923.167 204.042
-1.92585 1.54122 12.9152 495.176 273.715
6.07893 -1.53411 10.1908 1082.42 62.208
0.161054 1.53841 9.80541 624.568 308.552
-11.7309 -1.27506 29.3629 313.528 149.299
-0.416581 1.55235 10.2581 577.29 303.575
-2.44313 1.62858 11.616 440.433 291.133
-3.11503 1.62582 13.3137 427.991 278.692
-5.9762 1.50772 9.96313 129.393 303.575
-5.4625 1.32809 9.76336 161.741 291.133
0.569203 1.50298 15.2636 637.01 258.785
-5.4867 1.14207 14.9858 325.97 241.367
-0.493443 0.649525 43.2958 599.685 194.089
1.68088 -4.56763 22.4563 666.87 47.2781
-6.01346 0.777991 29.7729 460.339 201.554
-11.9879 -1.36175 33.5061 345.877 154.276
-8.83932 -2.06137 27.8458 370.76 126.904
-11.9349 -0.0323727 19.1423 134.369 181.647
5.42198 -1.24706 63.061 669.358 166.717
4.28869 -2.82155 83.7594 644.475 159.253
-11.4121 -3.15996 31.8968 343.388 94.5562
-2.21661 -5.26614 156.328 597.197 159.253
-1.2012 -6.04288 105.396 602.174 136.858
6.38036 0.613681 9.23208 1164.53 236.39
0.145256 1.5159 9.66192 621.085 307.556
0.596172 1.54803 12.6766 644.973 277.697
-5.78972 1.2225 15.7536 316.514 241.865
7.54792 -5.88445 39.0893 749.482 71.6636
-8.26473 0.176559 14.4486 167.215 191.103
-13.0143 -8.27181 81.2154 489.701 110.481
2.21728 0.719482 29.0821 662.889 200.061
1.87894 1.26425 33.9308 650.945 209.019
-5.6555 1.54247 10.0088 158.257 307.556
-6.04878 1.54006 10.0841 128.397 304.57
-5.65944 1.36916 10.0653 161.243 289.641
1.23496 -4.23482 24.1192 641.987 65.6917
-12.4732 -1.69885 17.6438 68.6776 101.523
-6.02171 0.632497 38.583 492.687 194.089
-0.874608 1.48001 20.1558 564.351 241.865
-5.35329 0.642524 79.851 555.393 182.145
-4.4086 -4.85875 64.423 555.393 128.397
-11.0455 -1.17798 31.1142 343.388 155.271
-8.64597 -1.70924 33.9271 418.038 146.313
-6.31918 0.240386 62.0632 534.491 185.131
-12.139 -0.402336 68.6059 477.758 176.173
8.15628 -6.35873 42.2398 748.885 71.6636
-5.10884 0.760722 11.6887 261.572 229.324
-10.3564 0.1007 19.1286 214.991 200.658
0.643195 1.55148 12.5618 644.973 286.655
0.550806 1.51076 15.3426 634.223 257.989
-2.64764 1.66574 11.8811 422.815 297.404
-1.99029 1.56362 13.1028 476.563 268.739
6.83775 -2.58421 34.9084 752.468 128.995
-11.9016 -2.65637 29.2805 308.154 107.495
-6.31297 1.26135 16.5508 315.32 243.656
-4.93263 1.155 10.6741 236.49 268.739
-5.97249 1.48948 9.9339 128.995 304.57
-5.33138 0.555041 33.8581 490.896 193.492
-9.16683 -7.86387 93.879 537.477 118.245
-5.28893 0.684254 26.1857 458.647 204.241
-7.10617 -1.87126 14.5871 232.907 82.4132
-12.4615 -0.687821 17.5237 71.6636 157.66
1.68422 -4.60999 61.1248 627.057 125.411
-3.95547 -6.3609 215.528 598.391 157.66
-14.252 -1.83387 54.4394 394.15 150.494
-12.783 -0.0913084 20.4116 136.161 182.742
-8.60787 -0.765584 15.1963 175.576 143.327
-11.8872 -1.24632 29.651 308.154 150.494
-0.079657 -6.62572 48.0059 601.974 82.4132
-0.489459 1.52858 10.2902 569.726 300.987
1.67657 1.17448 32.744 630.64 193.492
6.31838 0.59143 9.08751 1164.53 236.49
6.0107 0.418103 10.4417 1064.2 214.991
