-5.73928 1.21231 9.00433 95 294
-8.44912 -0.18227 14.2177 150 175
-6.41935 1.78327 9.51083 66 337
-5.99896 -2.98223 14.0839 280 22
-11.3854 -1.75557 15.3499 37 97
-11.7137 -2.06598 15.2768 19 82
-11.6498 -2.32522 15.3046 22 69
-4.64046 1.58107 11.991 305 288
-0.63134 1.42243 13.6729 572 264
-0.735843 1.48209 18.7624 578 244
0.076528 1.44293 14.4497 613 261
-3.03901 1.53463 15.8084 462 258
0.629585 -3.56619 41.8777 618 121
3.79009 0.170179 7.28859 1040 202
5.59988 -1.42937 8.40737 1144 44
5.98123 -1.09544 8.1002 1210 71
6.22506 -1.56445 11.4505 1035 74
3.71585 -0.114555 7.34225 1029 169
3.47425 0.82834 11.9607 835 238
3.95989 0.523257 10.5115 907 222
-0.188544 1.47873 12.1092 596 279
-4.48168 1.56245 13.2474 347 276
-5.43018 0.62882 11.0835 215 227
-8.59484 -0.958767 14.004 133 134
-4.58247 1.62765 11.2738 292.8 297.6
-5.1003 1.53608 13.1793 307.2 274.8
-5.58262 1.54467 13.4131 285.6 274.8
0.449653 1.53379 8.12004 652.8 337.2
-7.05393 0.739445 28.2978 422.4 202.8
-8.51221 -0.203557 14.3239 150 175.2
-4.65422 1.61595 13.7011 345.6 276
-4.87449 1.50896 13.2632 322.8 272.4
-14.6586 -12.8503 100.173 501.6 91.2
-0.607167 -5.38926 104.099 606 145.2
-6.40619 0.597433 48.8905 512.4 192
-3.4254 1.64616 8.23005 270 346.8
0.466929 -6.71135 42.993 615.6 68.4
5.24616 -1.18741 60.0446 672 168
-12.4358 -0.738402 18.8124 106.8 156
1.18164 -6.9331 42.8849 627.6 64.8
5.66602 -1.36837 9.261 1096.8 62.4
6.21405 -0.248882 9.82176 1113.6 160.8
6.17611 -0.557243 9.71905 1116 135.6
2.25368 1.35065 11.1878 768 279.6
5.97749 -2.01515 17.2011 871.2 93.6
-1.89101 1.54519 14.2801 505.2 267.6
-1.85835 1.54216 12.3473 490.8 280.8
-5.32809 1.23521 14.6081 321.6 248.4
-2.86215 1.60203 12.6854 432 282
-5.32656 0.601697 10.872 214.8 226.8
-4.58117 1.65213 10.7203 271.2 306
2.35183 1.4995 7.65658 860.4 344.4
-5.86965 1.43596 8.99296 83.52 316.8
-6.02698 1.47191 9.06021 72 316.8
-12.5155 -0.915936 18.697 99.36 148.32
-8.73981 -0.992498 14.208 132.48 132.48
-8.93633 -0.953631 13.929 112.32 129.6
-18.1952 -15.0716 107.042 485.28 82.08
-11.5045 1.0113 31.9071 341.28 207.36
-6.57064 -6.00305 68.2635 534.24 118.08
-12.8714 -0.0315994 18.685 86.4 184.32
-0.269558 -5.73572 46.2156 603.36 92.16
1.52318 -3.40842 22.4342 659.52 69.12
-1.01651 -6.10874 117.996 601.92 151.2
-34.6585 -32.3112 853.446 578.88 155.52
3.81465 0.161509 7.3555 1039.68 201.6
6.1555 -1.58405 9.24155 1137.6 44.64
5.85094 -1.45625 9.58504 1097.28 60.48
6.20536 -1.15035 8.41959 1209.6 70.56
6.18135 -1.58385 8.48308 1202.4 30.24
3.26458 0.762714 11.2389 835.2 237.6
3.0581 0.300086 10.3789 842.4 205.92
2.26408 0.604284 10.651 777.6 228.96
1.31659 1.55613 9.57866 720 313.92
2.23782 1.33195 11.0329 767.52 279.36
6.02404 -2.06322 17.4047 871.2 93.6
-1.19873 1.42168 18.6547 560.16 241.92
-1.88749 1.53471 12.426 489.6 280.8
-0.564246 1.52717 10.0917 564.48 303.84
-4.47319 1.54509 14.2792 365.76 266.4
-5.14641 1.33335 15.027 338.4 244.8
-3.2018 1.58222 16.5356 460.8 257.76
-4.88279 1.61988 19.8091 423.36 246.24
-2.64101 1.6111 9.20743 377.28 325.44
-4.59648 1.59438 13.2066 336.96 279.36
-2.95904 1.60985 13.0344 432 282.24
-5.31898 0.617698 10.8874 223.2 227.52
-5.62413 1.11574 14.3778 306.72 244.8
-5.23836 1.64309 10.6617 221.76 306.72
-5.21069 0.692549 9.08733 149.76 247.68
-5.10644 1.13431 9.08179 155.52 286.56
-5.55886 1.29589 8.97594 109.44 302.4
-12.1497 -0.794994 16.2282 33.12 148.32
-9.07327 -0.793109 14.9188 138.24 144
-9.13904 -3.70524 66.2311 506.304 141.696
-12.4364 -4.70367 73.1627 483.84 136.512
-10.7439 -6.18088 76.3224 504.576 124.416
-12.5528 -4.88931 64.8283 466.56 127.872
-11.1159 -4.61316 47.2287 435.456 112.32
-5.99268 0.564867 46.2254 511.488 191.808
1.16639 -6.84361 42.3314 625.536 69.12
-12.893 -11.6217 306.967 578.88 157.248
-17.7257 -13.0356 96.3913 473.472 84.672
-12.8437 -0.0315313 18.6448 86.4 184.896
-12.3152 -0.901277 18.3977 100.224 148.608
-11.4915 -1.91625 42.759 411.264 152.064
-5.72168 1.04828 28.1345 456.192 212.544
3.36169 0.219851 7.60388 964.224 205.632
6.09934 -1.58565 9.1764 1137.02 44.928
6.14015 -0.259423 9.70496 1114.56 160.704
6.13933 -0.55514 9.68237 1114.56 136.512
6.24818 -1.57429 11.5225 1033.34 76.032
3.08303 0.287977 10.4635 841.536 205.632
4.01783 0.248104 10.6261 908.928 200.448
2.04936 1.08513 31.4737 656.64 209.088
2.25218 1.4731 14.3519 724.032 260.928
0.6944 1.55377 11.661 653.184 286.848
6.03324 -2.06637 17.4313 870.912 93.312
-1.95153 1.52604 14.2869 504.576 267.84
-1.66142 1.56395 12.9546 509.76 278.208
-1.94282 1.53381 12.5602 489.024 281.664
-0.386874 1.53485 9.21103 575.424 319.68
-3.22386 1.57056 16.4137 461.376 260.928
-4.93446 1.52177 13.3758 330.048 274.752
-2.9882 1.63401 13.0827 430.272 281.664
-16.8526 -14.7786 135.825 518.4 105.408
-0.279074 -5.80509 47.8472 603.072 93.312
-11.3718 -1.40799 31.4178 340.416 152.064
-5.22368 0.608363 10.7229 216 226.368
-5.62207 1.11138 14.3216 307.584 245.376
-4.59498 1.66027 9.19598 207.36 331.776
-5.26068 1.64543 10.6769 221.184 307.584
-5.05799 1.61266 13.358 323.136 273.024
-12.5815 0.150613 18.7178 98.496 193.536
-5.2571 0.749666 9.66045 171.072 248.832
-5.91896 1.467 9.03002 82.944 317.952
-5.12399 1.12275 9.09052 155.52 286.848
-5.60955 1.30478 9.03748 108.864 304.128
-13.8838 -1.3141 25.3831 198.72 146.88
-11.6759 -1.44717 28.7253 305.856 148.608
-8.32249 -1.56266 13.499 129.6 95.04
-13.8525 -0.812515 18.7111 46.656 153.792
-9.01299 -0.878423 13.6633 98.496 136.512
2.25038 1.3424 11.2491 767.232 278.208
6.17116 0.509326 9.69005 1116.29 224.64
-11.71 -0.570159 20.2745 170.035 163.814
-12.7215 -0.0311684 18.4302 85.0176 184.55
-12.0667 -0.716488 18.2541 103.68 151.373
-11.8397 -1.97432 44.0546 410.573 151.373
-10.7885 -4.33671 110.487 537.062 155.52
3.71987 -0.114995 7.37045 1028.51 165.888
3.35317 0.210733 7.65691 962.151 203.213
6.03717 -1.20553 9.39754 1123.89 80.8704
5.9306 -1.45924 9.69345 1099.01 60.1344
4.02827 0.233929 10.6537 908.237 199.066
3.09504 0.289099 10.5043 841.882 205.286
6.23628 -1.55529 11.5005 1032.65 74.6496
-5.5503 1.30344 8.94203 109.901 304.819
-2.68508 1.59121 9.31591 379.469 321.408
-4.78865 1.61842 15.1517 367.027 265.421
-12.5933 -1.15698 22.9653 196.992 147.226
2.3751 -0.0195349 11.5512 769.306 182.477
-0.148308 -4.81659 48.619 607.565 109.901
-1.95324 1.54571 12.5151 487.296 279.936
-4.90876 1.58842 13.1573 321.408 271.642
-5.55083 1.55964 13.3814 282.01 277.862
0.22026 1.53111 8.89166 628.301 321.408
-0.387152 1.53595 9.21763 574.387 317.261
-12.376 0.12254 18.4121 97.4592 192.845
-5.65629 1.53352 9.05193 105.754 323.482
-5.69397 1.20012 8.91378 93.312 294.451
-14.2098 -9.28329 86.4248 487.296 105.754
2.9529 0.70945 17.7177 734.055 213.581
-3.31659 1.65273 12.8047 410.573 284.083
-5.11276 0.693621 8.93824 149.299 246.758
-5.71429 1.14575 14.2535 306.893 244.685
-3.04918 1.51667 18.2367 485.222 244.685
-0.774495 1.40531 18.4398 574.387 240.538
-7.11506 -2.27045 14.0439 209.434 64.2816
-13.7466 -0.830574 18.5333 45.6192 151.373
-11.9883 -0.806708 16.0126 39.3984 147.226
-8.59599 -0.995605 13.9742 132.71 130.637
-4.457 -5.19897 66.4817 557.798 126.49
5.22918 -1.28732 60.8186 669.773 165.888
-9.13378 -2.11731 27.5654 360.806 126.49
1.33003 1.55627 9.57947 719.539 313.114
6.16844 -0.494446 9.81441 1111.45 141.005
6.24185 0.51516 9.80105 1115.6 223.949
4.50532 -3.20889 87.9904 649.452 149.299
6.34554 -1.57434 11.7624 1035.14 74.6496
2.37771 0.55523 10.5634 788.798 226.437
-4.7772 1.61455 15.1154 365.783 266.25
-4.74934 1.59718 14.0386 350.853 266.25
3.08054 -1.37466 7.5888 953.027 47.2781
-12.4172 0.148646 18.4733 97.0445 194.089
5.87437 -0.678873 16.7038 888.33 151.788
-11.5038 -0.670703 20.7678 189.112 159.253
0.0596832 1.52442 8.92489 612.127 320.993
-0.399017 1.51948 9.19557 567.337 308.552
-4.90263 1.59092 13.6498 320.993 273.715
-5.84646 1.61608 13.0848 258.785 278.692
0.210237 1.51086 8.99199 627.057 320.993
-5.67096 1.52149 9.05525 104.509 323.482
-5.86413 1.53079 8.88977 72.1613 318.505
-4.95416 1.22056 10.228 228.925 283.669
-5.18289 0.712932 10.0916 199.066 241.367
-2.4326 1.57249 10.5858 425.503 301.087
-1.98538 1.55345 12.721 467.804 276.204
-3.18408 1.5953 12.4945 413.061 283.669
-4.70299 1.52939 14.1341 350.853 258.785
2.29798 1.08316 11.487 763.914 256.297
2.87168 0.665966 17.2304 736.543 213.996
-2.93343 1.51282 15.1496 460.339 261.274
-3.9328 1.66236 16.4183 432.968 258.785
-13.6539 -0.824971 18.4083 47.2781 151.788
-5.06926 0.70631 9.26789 169.206 246.344
-5.10227 0.679789 8.9199 146.811 248.832
-8.62391 -0.0622918 13.9251 124.416 189.112
-0.800789 1.35509 18.4546 574.802 238.879
-0.469876 0.27439 41.228 602.174 191.601
-8.60002 -1.03497 13.9807 131.881 129.393
-9.07705 -3.45333 68.5461 525.036 149.299
-2.49496 -6.41698 175.959 599.685 156.764
-1.11729 -6.30264 98.0336 602.174 134.369
-10.7881 -1.28439 29.5778 338.412 151.788
-9.1046 -2.27298 27.5931 363.295 124.416
6.55888 -2.03914 76.2838 671.846 164.229
3.05152 0.285034 10.3566 843.541 204.042
5.83043 -1.44785 9.52973 1099.84 59.7197
6.13395 0.520791 9.65271 1117.26 223.949
3.141 -1.1115 7.38351 961.487 62.7057
-10.7293 -1.3208 26.217 301.584 149.299
-0.519147 1.52043 9.52196 567.337 310.542
-1.16502 1.53722 14.3914 564.351 262.767
0.624158 1.4923 11.5618 653.931 295.612
0.584496 1.42725 14.0962 639.001 262.767
1.7687 0.982713 29.7015 653.931 209.019
-5.54241 1.31401 8.92931 107.495 304.57
-5.87423 1.43098 8.96178 74.6496 304.57
7.10852 -2.80869 35.2883 758.44 125.411
-5.60397 1.13571 14.3774 298.598 244.851
-5.76637 1.13991 14.6892 295.612 247.837
-14.7829 -9.40756 89.9105 489.701 107.495
-5.26698 0.613405 10.8118 220.963 229.921
-5.19823 1.66347 10.7939 229.921 307.556
-5.38858 1.69586 10.9057 214.991 307.556
-4.93094 1.27937 10.3586 229.921 283.669
-9.10435 -1.98463 12.8279 59.7197 71.6636
-12.9171 -0.00560385 18.6759 83.6076 185.131
-8.94887 -0.924888 13.5091 89.5795 143.327
-2.44386 1.57026 10.5708 426.996 301.584
-3.16732 1.613 12.4969 415.052 283.669
-15.1905 -10.2787 76.7954 465.814 86.5936
0.802276 -2.85283 17.0591 641.987 62.7057
-3.03966 1.48665 18.1798 465.814 253.809
-5.10608 0.692714 8.92656 146.313 250.823
-10.6026 0.16267 17.2363 137.355 194.089
-0.489493 0.524833 42.9493 603.169 191.103
-6.0869 0.464171 37.985 489.701 191.103
-8.35155 -0.179745 14.0207 149.299 170.201
-12.0819 -1.3818 32.8741 337.416 152.285
-6.84138 -0.0201615 67.192 531.505 185.131
-6.90246 0.15728 40.6069 477.758 176.173
-9.33349 -1.93464 35.4635 412.066 143.327
-5.15759 1.12015 9.17277 155.271 286.655
-4.91949 1.5652 14.8468 349.36 262.767
5.92838 -2.03111 17.3374 868.922 92.5655
6.21429 -1.56575 11.46 1033.15 74.6496
6.30015 -0.503888 10.0018 1113.77 140.341
6.02034 -1.47129 9.77346 1101.83 59.7197
3.3475 0.209048 7.5957 960.293 200.658
4.04208 0.249602 10.6902 910.128 200.658
-0.263068 -6.60152 45.103 601.974 75.2468
-9.03243 -0.0849589 14.4871 125.411 189.909
-12.2864 0.189691 17.5174 68.0805 189.909
-4.99349 1.60204 10.49 214.991 304.57
-5.02264 1.15764 9.70077 197.075 279.488
-5.86744 1.24561 15.4958 308.154 247.24
-6.0562 1.19768 14.8995 297.404 243.656
-12.22 -1.43833 29.3605 297.404 146.91
-11.1652 -6.15717 73.5044 498.062 121.828
-5.15412 0.688415 9.37534 168.41 247.24
-5.30584 0.701791 9.2086 146.91 247.24
-9.87374 0.129745 16.1243 136.161 193.492
7.36052 -2.90826 36.5393 756.051 125.411
-5.18202 0.605238 10.6678 222.157 232.907
-2.53487 1.60384 10.8988 422.815 300.987
-3.22397 1.60491 16.2988 465.814 254.406
-3.16432 1.6118 12.6237 415.649 283.071
-9.47289 -2.44112 27.3268 333.236 111.079
-1.31959 -4.05024 103.189 598.391 157.66
-0.927215 -8.78783 128.357 601.974 136.161
-12.9177 -0.115085 19.6241 111.079 182.742
-11.7491 -0.080183 17.9246 85.9964 175.576
-9.063 -0.0650253 14.5361 128.995 179.159
-8.59628 -0.817885 14.265 143.327 139.744
-0.473828 0.578667 47.3548 598.391 189.909
-4.96145 1.50973 14.9108 347.569 265.155
-0.501155 1.47992 9.43263 566.143 304.57
-2.48957 1.58302 13.7461 483.73 279.488
6.12661 -0.364214 9.62009 1110.79 139.744
