-8.44402 -0.188677 13.2768 115 179
0.897259 -4.85293 21.6391 637 19
-0.253741 -5.58073 43.5039 603 91
-10.8229 -13.07 321.588 579 157
-12.3212 -5.89495 43.5899 399.6 88.8
-11.8472 1.40837 29.967 313.2 222
-7.15911 0.648841 27.7892 417.6 206.4
-11.3897 -4.71567 59.2475 468 129.6
-5.66372 -7.73145 134.847 577.2 144
-3.0669 1.53742 15.1844 451.2 265.2
-5.80718 0.413872 43.8534 511.2 194.4
0.476954 -7.1609 43.9161 615.6 66
-1.32487 -8.72966 183.406 602.4 151.2
2.55479 -4.27276 19.7886 706.8 22.8
1.15778 -7.08538 42.019 627.6 62.4
5.94983 -1.4998 8.75002 1158 44.4
3.67249 -0.141183 6.25876 1106.4 164.4
2.12798 0.954285 30.1082 661.2 210
5.95955 -2.0832 16.2394 888 86.4
6.48918 -2.58228 31.3479 760.8 122.4
-15.8555 -11.4579 63.2533 424.8 55.2
-11.1781 -3.87837 28.6784 319.2 88.8
5.54014 -1.47171 61.4525 673.92 167.04
-18.1602 -11.9216 106.836 486.72 105.12
-15.4866 -13.0814 91.1068 483.84 82.08
1.19879 -7.33631 43.5072 627.84 61.92
-9.0549 -1.02794 13.1447 72 129.6
-12.7533 -1.53287 54.5077 436.32 167.04
-8.56157 1.10415 27.575 377.28 218.88
-0.253207 -5.62936 43.4122 603.36 90.72
-14.9247 -13.9098 146.581 532.8 118.08
-20.817 -13.7237 121.471 485.28 108
1.53467 -3.44262 21.2944 660.96 64.8
-5.03124 1.18806 33.1225 496.8 214.56
1.83886 -4.16955 20.087 675.36 28.8
6.10321 -0.602344 8.62277 1180.8 126.72
2.24321 1.30826 10.0278 786.24 289.44
5.96861 -2.08637 16.264 888.48 86.4
-0.177296 1.48556 11.3868 596.16 288
-11.3221 0.926562 30.5755 334.08 211.68
-3.03021 1.4778 14.7988 450.72 264.96
-2.61538 1.58819 8.16743 348.48 347.04
-2.87509 1.58833 11.7972 417.6 293.76
-18.7271 -12.4068 96.7155 468 95.04
-17.9857 -13.0248 71.3555 424.8 54.72
-4.55431 1.63623 9.73814 236.16 324
-4.91296 1.49502 12.3836 299.52 283.68
-5.50013 1.51563 12.2715 259.2 286.56
-12.7977 -0.0298511 17.6513 56.16 190.08
-5.53196 1.51582 7.96622 40.32 347.04
-4.56379 1.66252 8.19782 149.76 345.6
-4.98136 1.17887 8.66636 142.56 300.96
-11.9529 -2.77448 28.815 298.08 116.64
-15.6982 -13.9277 106.267 501.12 91.584
-5.12555 1.24586 33.4372 499.392 209.088
-11.479 -1.42699 30.883 331.776 153.792
1.76807 -4.00904 19.3138 682.56 34.56
-6.4565 -6.2404 158.988 578.88 157.248
-11.4356 -1.93607 41.9005 406.08 153.792
-8.25829 -2.67239 68.085 520.128 158.976
3.98378 0.195798 9.52026 943.488 202.176
6.16757 -0.598928 8.74808 1178.5 127.872
2.27516 0.573244 9.63158 798.336 235.008
3.07079 0.258737 9.40113 870.912 207.36
0.668586 1.47101 10.4922 660.096 298.944
5.88337 -2.0644 16.0928 888.192 84.672
6.65986 -2.65019 32.1724 762.048 124.416
-1.85348 1.49907 11.3692 478.656 292.032
-2.97509 1.5219 14.6291 451.008 266.112
-4.72008 1.55764 18.4212 412.992 252.288
-4.62077 1.59994 12.6688 324.864 286.848
-2.84028 1.5691 11.6543 416.448 293.76
-15.8367 -14.2428 127.637 516.672 105.408
-16.1402 -11.5993 64.034 423.36 55.296
-5.16145 1.62764 9.60747 181.44 323.136
-12.7774 0.195335 18.0385 69.12 198.72
-5.17162 0.744387 8.52295 114.048 262.656
-5.54114 1.29893 7.99546 41.472 326.592
-11.693 -3.99479 28.0943 297.216 82.944
-13.5621 -1.29975 23.8254 183.168 150.336
-11.6697 -1.44192 27.852 295.488 150.336
-12.2003 -1.53252 28.0924 283.392 148.608
5.82092 -1.48808 8.54297 1159.49 41.472
3.77823 0.14652 6.27532 1119.74 203.904
-9.39203 -1.77624 45.2537 452.045 165.888
-5.79378 1.02639 27.5469 452.045 213.581
-5.72869 0.976966 27.2374 464.486 201.139
-10.1788 -4.38164 104.243 537.062 155.52
-5.53853 1.31791 7.97569 41.472 327.629
4.00021 0.183307 9.55952 943.488 201.139
-4.90007 1.16244 8.54563 143.078 298.598
6.19158 -0.308665 8.7995 1175.73 155.52
6.28932 -0.301104 8.93842 1167.44 149.299
-3.15832 1.58217 11.5135 391.91 296.525
-1.87602 1.50447 11.4101 476.928 290.304
-0.538056 1.46725 8.95484 559.872 319.334
-0.0118993 -4.70368 44.3645 605.491 107.827
-18.7334 -14.1298 100.353 472.781 85.0176
-2.94525 1.5921 11.9486 416.794 292.378
2.13663 1.0412 31.4693 657.331 209.434
-11.4194 -1.40633 27.1645 294.451 149.299
-11.9133 -1.49648 27.4317 284.083 149.299
-5.50404 1.09615 13.1802 284.083 252.979
-11.6081 -3.81933 30.4332 325.555 93.312
-12.6112 -0.0294161 17.3941 55.9872 190.771
-6.17709 0.371443 46.1618 510.106 192.845
-8.41686 -0.18807 13.2341 111.974 178.33
-0.831876 1.373 18.0159 574.387 244.685
0.63057 -3.74681 41.9433 613.786 120.269
-4.24329 -5.00608 60.7719 557.798 126.49
-8.58794 -0.997888 12.9916 93.312 132.71
6.23765 -2.04019 72.5477 671.846 163.814
2.24565 1.30383 10.1015 783.821 286.157
3.06994 0.259772 9.43872 868.839 207.36
6.20618 0.473072 8.76826 1181.95 226.022
-12.1689 -2.11148 44.3612 408.085 146.811
6.03102 -0.529301 8.60534 1174.49 131.881
-2.49202 1.51651 9.17759 395.643 313.528
-1.86594 1.51217 11.3488 475.269 291.133
-0.383539 1.52275 8.3063 562.36 325.97
-5.82316 1.54728 11.9877 241.367 288.645
0.216841 1.47556 7.86972 629.545 325.97
2.37339 0.53536 9.43615 808.704 231.414
-15.1355 -10.1013 90.5235 487.711 106.998
-5.07245 0.672916 7.95813 87.0912 261.274
-12.9481 -0.0301439 17.8244 54.743 189.112
-2.48045 1.57634 9.78683 408.085 316.017
-11.516 -3.87304 30.1918 325.97 92.0679
-11.0256 -1.40141 29.4429 325.97 154.276
-11.4217 -1.43964 27.0804 293.622 149.299
-13.1148 -1.21888 22.9276 181.647 149.299
-4.74734 0.658532 7.78802 114.463 261.274
-0.833255 1.32507 18.0458 574.802 243.855
-10.873 -1.92199 36.1535 385.69 149.299
-1.84745 -6.58805 162.1 599.685 156.764
-8.05287 -0.940996 108.828 554.895 181.647
-0.858067 -8.46295 118.785 602.174 134.369
-11.4566 -4.7237 58.329 465.316 129.393
3.11585 0.263657 9.5799 870.912 206.531
6.14826 0.457472 8.70353 1181.95 226.437
3.79673 0.138786 6.32065 1119.74 204.042
0.656574 1.44458 10.3037 656.917 295.612
-5.19604 1.60938 9.49967 170.201 313.528
-5.29102 0.720291 8.24705 86.5936 262.767
6.74387 -5.46771 33.2485 761.426 59.7197
1.91664 0.995169 30.078 656.917 209.019
-4.92425 1.54671 13.7633 331.444 271.725
-11.3617 -7.51874 69.1023 486.715 107.495
-11.9636 -1.50762 27.636 292.626 149.299
-5.39149 1.09534 12.9539 274.711 253.809
1.39036 -3.05984 18.9267 662.889 71.6636
-12.0379 -4.13899 28.8264 298.598 83.6076
-13.1261 -0.0054012 18.0005 56.7337 188.117
-2.43146 1.55373 9.64645 409.08 316.514
-1.94079 1.51436 11.6076 474.772 289.641
-15.3337 -10.6992 77.5195 462.828 86.5936
0.34563 1.39643 17.9949 612.127 253.809
-0.308205 0.343311 42.6657 603.169 191.103
-2.45987 1.38325 26.3167 537.477 229.921
-6.26219 0.309084 38.412 489.701 194.089
4.75658 -3.90476 92.8975 644.973 155.271
-6.90019 -0.0195341 65.1012 531.505 185.131
-0.271099 -5.96248 46.4798 603.169 95.5515
-3.15215 1.58724 11.6685 397.136 298.598
5.41026 -3.68696 21.5102 797.258 56.7337
2.27208 1.33339 10.2204 785.314 283.669
3.16152 0.251846 9.63787 871.907 206.033
3.96301 0.486234 9.50222 943.571 223.949
6.03228 0.447082 8.50585 1182.45 226.935
0.603336 1.45649 13.6356 637.806 268.739
-11.2672 -1.38512 29.9768 326.07 154.077
-4.98178 1.48154 13.8702 329.653 272.322
2.37341 0.535365 9.43624 806.216 229.324
-12.8246 0.220808 18.0697 85.9964 193.492
5.22261 -5.58919 59.7751 670.055 118.245
1.01854 -6.64734 41.1173 637.806 68.0805
-0.0502916 1.41701 16.4868 630.64 250.823
-1.96457 1.49936 11.3714 458.647 283.071
-6.1668 0.3018 37.5068 487.313 193.492
-8.04866 -2.35294 33.0255 422.815 121.828
-13.6739 -7.79102 50.3582 408.483 71.6636
-12.0531 -0.755583 20.7187 182.742 171.993
-12.1986 -0.619862 20.0575 157.66 175.576
-9.55732 -1.5735 28.8436 361.901 154.077
-1.55018 -4.75799 121.22 598.391 157.66
0.110238 -3.91714 43.85 601.974 136.161
-0.963402 1.23365 20.2542 573.309 232.907
-0.841054 0.346227 65.7685 598.391 189.909
5.35147 -1.77935 60.29 670.055 161.243
-11.4439 -4.01572 30.0026 333.236 100.329
-11.6743 -3.96885 30.6067 326.07 89.5795
-12.5947 -4.31606 30.0597 297.404 82.4132
-5.03124 1.15032 8.81717 143.327 297.404
-0.186696 -6.50323 42.0344 605.558 75.2468
-3.14464 1.59993 11.7618 397.733 297.404
0.0397388 1.35859 15.8071 609.141 254.406
6.89019 -2.2297 28.0139 795.466 128.995
6.98917 -2.7907 33.3154 763.218 121.828
6.14357 -0.538111 8.74857 1168.12 132.578
3.93096 0.164726 8.00947 1031.96 204.241
4.05633 0.198047 9.62963 942.377 200.658
