-0.244936 -5.5039 41.9942 604 92
4.02387 -7.12414 195.35 623 161
-11.4306 -1.34792 30.0774 327 155
-11.5558 -4.66703 59.6795 466.8 132
0.485168 -7.40851 44.6724 616.8 66
-4.50123 1.59286 9.88939 247.2 316.8
5.98162 -1.56484 65.3412 675.6 170.4
-11.4362 -1.38538 29.9824 326.4 154.8
-1.33998 -8.82923 185.498 603.6 154.8
-6.01082 -5.58461 61.5577 537.6 121.2
1.1624 -7.231 42.1866 628.8 62.4
6.6169 -2.73738 31.1281 768 124.8
-0.688673 1.43206 16.3965 576 255.6
-15.1249 -10.7509 59.3506 422.4 56.4
-11.8632 0.139338 26.4683 273.6 192
-11.6068 -3.87503 28.9515 310.8 88.8
-11.9471 1.4938 29.1925 305.28 227.52
-6.63083 0.724618 25.062 410.4 210.24
-12.1308 1.14492 31.9199 326.88 216
-0.310348 -5.63079 42.9624 603.36 92.16
-10.432 -9.32531 99.732 532.8 119.52
-2.63871 1.32652 27.414 538.56 224.64
-6.22682 0.568631 46.5335 509.76 197.28
5.73538 -1.58758 62.6514 675.36 169.92
-8.26531 1.17715 25.8113 368.64 223.2
-15.302 -10.1281 90.7637 485.28 109.44
-12.0551 -0.184004 31.3762 324 184.32
-13.0455 -1.3881 54.7795 434.88 169.92
6.10163 -2.15585 15.62 908.64 82.08
-0.978001 1.57774 10.6211 535.68 308.16
0.103213 1.45358 12.7765 616.32 277.92
-0.623233 1.43747 12.0457 567.36 282.24
-18.7028 -15.5438 108.256 483.84 84.96
-15.812 -11.3257 62.0471 423.36 56.16
-4.6636 1.74366 9.03157 192.96 345.6
-5.52682 1.59974 11.4103 227.52 300.96
-11.3879 -3.84147 28.4055 309.6 89.28
-11.0489 -6.34025 76.9682 504.576 129.6
-13.2773 -5.00746 76.2383 482.112 139.968
-16.9768 -10.7279 99.8737 489.024 110.592
-5.04465 1.3059 32.6134 494.208 219.456
1.5501 -3.55816 21.1012 665.28 60.48
-17.9566 -17.3556 442.172 578.88 160.704
-12.1349 -1.94308 43.3575 402.624 155.52
-8.63036 -2.69382 71.1525 518.4 162.432
2.26235 0.590279 8.52327 824.256 245.376
2.28527 1.32643 9.18744 808.704 305.856
6.03468 -2.13219 15.4485 907.2 82.944
6.02524 -2.21337 19.3527 844.992 101.952
-2.87279 1.45134 15.6221 468.288 260.928
-3.10782 1.5875 14.3033 440.64 274.752
-2.82422 1.60052 10.6745 399.168 307.584
-18.3909 -16.1772 144.972 518.4 107.136
-15.6407 -10.1373 80.7757 463.104 89.856
-17.8938 -12.65 69.8346 421.632 57.024
-11.6185 -1.3552 30.2398 324.864 155.52
-4.65373 1.73997 9.01245 190.08 342.144
-4.99229 1.58397 11.6445 273.024 297.216
-13.1425 0.312188 17.5542 36.288 205.632
-12.7079 -1.4588 28.1781 273.024 152.064
-11.5215 -2.5792 26.7868 286.848 117.504
-8.72595 -0.86914 12.1991 50.112 136.512
-13.0257 -3.08658 91.6267 505.958 163.814
-5.61449 1.00517 26.0064 445.824 219.802
-5.83493 -0.101058 59.7565 537.062 186.624
-14.1731 -6.10104 145.149 537.062 159.667
4.20578 0.210213 9.00324 989.107 207.36
3.09147 0.256255 8.45609 906.163 213.581
2.28934 1.3124 9.36085 808.704 304.819
2.35873 1.12636 34.0431 661.479 213.581
1.67355 0.298679 44.8774 634.522 194.918
0.710923 1.51837 9.67769 665.626 315.187
6.81387 -2.69442 31.6406 767.232 124.416
-4.78557 1.63736 17.6243 402.278 259.2
-2.90608 1.63829 10.9264 398.131 306.893
-1.91577 1.58348 10.6597 466.56 304.819
-2.85631 1.59529 10.7393 408.499 304.819
-3.10896 1.5582 14.2175 441.677 273.715
-0.146828 -5.23723 48.1337 607.565 109.901
-4.21748 -4.97563 60.4023 557.798 128.563
-5.72569 1.18315 12.7353 250.906 263.347
-5.59274 1.19398 12.4782 263.347 261.274
-4.80537 1.53527 11.1722 271.642 296.525
-12.1305 -4.0364 28.1119 286.157 82.944
-8.82443 -0.87895 12.3368 49.7664 134.784
-13.1296 -1.08999 22.25 165.888 151.373
4.17954 0.196455 8.94707 990.352 206.531
-3.14349 1.61083 10.4523 370.76 313.528
2.38664 0.562326 8.4595 838.564 241.367
3.16641 0.264479 8.7275 908.237 211.507
-0.0763379 -4.81368 46.0056 609.638 109.486
-4.94547 1.66035 11.8426 273.715 296.11
-16.0603 -11.9052 85.397 472.781 87.0912
-11.472 -3.74886 29.2238 318.505 92.0679
-1.9874 1.58734 10.8897 465.316 306.063
-12.572 -1.3907 32.0259 323.482 156.764
-0.77263 1.36832 16.7328 572.314 253.809
-2.21335 -7.89284 194.204 599.685 159.253
-5.91216 -0.364259 81.4286 554.895 184.136
-1.09633 -10.8129 151.768 604.662 136.858
4.76897 -3.83606 88.3393 651.94 149.299
5.53194 -3.76599 20.9511 806.216 56.7337
-17.6263 -11.3757 104.55 486.715 110.481
0.700224 1.49736 9.71604 665.875 313.528
2.16677 1.05589 31.9132 659.903 212.005
-5.28011 1.62642 11.6006 271.725 295.612
0.363088 -4.07754 44.9457 624.071 116.453
1.70069 -3.54415 22.3064 665.875 68.6776
-11.2846 -1.30073 25.8186 283.669 152.285
-8.74272 -0.842748 12.5647 62.7057 140.341
-2.88783 1.44799 15.5859 453.87 259.781
-3.00895 1.55626 13.8483 438.94 274.711
2.24871 0.539578 8.47188 824.132 241.865
-12.4205 -1.05543 20.9495 164.229 152.285
-0.780392 1.35856 16.9009 573.309 250.823
-0.27367 0.377549 46.9207 603.169 194.089
-11.2482 -3.71558 28.6536 319.5 92.5655
-11.6862 -3.86332 27.1697 286.655 83.6076
-6.58581 -0.0186441 62.1351 531.505 188.117
-5.51748 0.410069 33.5577 486.715 197.075
-0.180355 -6.39531 40.6066 606.155 74.6496
-3.12175 1.67506 10.6763 376.234 313.528
5.98944 -1.80546 22.6838 809.202 131.383
2.44969 0.558532 8.76947 836.076 241.865
4.1665 0.194683 8.86634 991.347 206.033
3.10201 0.245324 8.48491 907.739 212.005
-5.14615 1.59001 11.341 240.073 304.57
3.04881 0.718837 16.2577 752.468 222.157
-5.02851 1.56183 13.0879 308.154 283.071
-5.39138 1.13779 12.0664 268.739 261.572
-0.161346 -8.10962 52.8931 605.558 75.2468
-16.3564 -13.5937 94.6748 483.73 85.9964
2.493 0.49957 30.4743 670.055 200.658
4.9285 -5.27444 56.4089 670.055 121.828
-3.0814 -9.45781 240.958 598.391 157.66
-14.0232 -9.24232 83.871 476.563 114.662
-23.2057 -15.8573 114.892 462.23 89.5795
-0.965278 1.32074 20.2936 569.726 250.823
-0.786656 0.323834 61.5146 576.892 193.492
-9.87287 -3.42342 38.3232 433.565 128.995
-11.5728 -0.262607 18.4791 136.161 193.492
-2.3133 1.44297 23.6909 533.894 232.907
-5.60107 0.362754 33.4992 483.73 197.075
-11.165 -3.82031 28.5427 315.32 89.5795
-12.2578 -4.07874 28.4068 286.655 82.4132
-14.224 -8.15591 51.332 404.9 75.2468
-12.6009 -1.59772 36.7933 354.735 154.077
-12.5175 -1.38959 32.0004 318.903 157.66
-3.685 1.6195 13.5711 401.316 279.488
0.0377221 1.43576 15.0049 612.724 261.572
5.20725 -3.24414 25.85 748.885 107.495
5.8622 -1.78593 22.4383 802.633 128.995
6.98451 -2.87865 32.2248 770.384 121.828
0.515707 1.43229 12.4372 644.973 279.488
2.41554 0.559987 8.60438 834.881 240.073
4.23584 0.187045 9.09466 988.958 204.241
3.1358 0.247057 8.54482 906.545 211.408
3.06649 0.169691 5.12873 1128.7 218.574
