-2.7469 1.70315 10.221 395 321
-1.58993 1.58094 15.8317 531 265
-3.34459 1.63561 14.5544 432 275
-1.20656 1.53753 16.3056 552 261
-6.74398 -2.25518 10.6503 109 22
-12.0353 0.312313 16.2872 42 203
-4.65403 1.75728 14.7257 362 281
-4.61113 1.77094 8.67295 173 355
-6.08548 1.66617 10.1689 132 319
-4.52699 1.70454 10.7688 278 313
-11.2828 1.63453 18.1369 136 257
-0.18238 -5.32468 41.0626 605 93
5.89604 -2.0164 14.0434 932 78
5.92095 -1.96312 10.5144 1054 40
2.17999 0.734583 11.0509 764 241
6.01529 -2.11245 18.0317 862 99
-4.4365 1.68258 12.4972 332 294
-5.79571 1.53818 9.89163 144 312
-0.532947 1.53729 15.8358 584.4 258
-4.63905 1.6896 11.3741 288 304.8
-11.7959 1.36381 18.2281 117.6 244.8
-11.8361 -0.235492 18.3692 120 177.6
-11.5694 -4.36051 58.9033 465.6 134.4
-2.90158 1.58665 12.7035 430.8 284.4
-3.12186 1.65839 12.3176 410.4 292.8
3.54499 -3.62619 17.1251 766.8 33.6
-11.6378 1.78606 18.6658 135.6 256.8
5.74294 -1.2887 60.8836 676.8 172.8
-12.012 0.87236 18.5619 117.6 224.4
-12.2885 0.173978 18.4345 102 195.6
-6.74898 -6.17429 69.1174 537.6 123.6
-16.2937 -15.7082 430.732 580.8 162
3.39424 0.57411 7.39818 990 254.4
3.06526 0.294294 7.34966 955.2 222
2.26839 0.562729 7.52117 858 250.8
2.28955 1.02248 8.27868 835.2 289.2
5.98996 -3.47525 16.1994 891.6 24
6.0497 -3.72159 18.6801 854.4 37.2
6.67934 -2.54267 29.8586 775.2 126
-2.85708 1.64878 17.2311 481.2 261.6
-0.884318 1.52516 8.92924 529.2 326.4
-0.156722 1.52681 9.23991 595.2 321.6
-0.406947 1.56475 9.08701 572.4 327.6
-4.64902 1.70268 16.3668 393.6 267.6
-2.8547 1.69993 9.95242 379.2 325.2
-3.23147 1.72635 9.71168 340.8 331.2
-1.80585 1.6148 9.53166 456 324
-17.0796 -11.9171 66.2974 421.2 57.6
-11.857 0.240704 25.5047 261.6 195.6
-4.56006 1.67304 9.12609 207.6 334.8
-4.81543 1.71871 11.0526 265.2 310.8
-6.79255 1.83387 10.5646 97.2 326.4
6.17045 0.385421 10.3442 1086 218.4
-11.5332 1.64134 18.4981 135.36 256.32
2.93763 -3.69589 17.9253 731.52 33.12
-11.6548 1.32244 18.01 116.64 244.8
-11.5734 1.33809 17.8843 115.2 244.8
-3.15263 1.6656 12.371 410.4 293.76
-2.8048 1.49049 12.2054 430.56 285.12
6.02252 -1.44025 63.8476 676.8 172.8
-26.9613 -23.7425 257.755 528.48 131.04
-8.595 1.35772 25.8309 360 227.52
-0.245131 -5.44983 42.0277 604.8 92.16
-6.12669 0.735275 44.8526 508.32 200.16
-6.96626 0.875558 25.3951 404.64 214.56
-11.9356 0.841156 18.4439 115.2 224.64
-12.0386 0.201016 18.5632 113.76 197.28
0.860873 -6.49259 39.1495 624.96 66.24
3.36937 0.499904 7.36629 989.28 246.24
3.10145 0.287423 7.43642 954.72 223.2
3.9822 0.227804 7.51726 1049.76 216
2.25731 0.996724 8.16207 835.2 289.44
2.2736 1.13194 29.2864 666.72 217.44
0.734083 1.52859 8.4019 679.68 338.4
5.73679 -2.04711 17.2688 861.12 99.36
5.74094 -3.35237 15.526 892.8 27.36
5.96875 -3.72307 18.4302 855.36 36
-2.82646 1.60739 17.0465 482.4 260.64
-0.681163 1.52389 15.6978 574.56 263.52
-1.85647 1.61444 11.2911 479.52 300.96
-0.157203 1.5186 9.26827 596.16 321.12
-4.64291 1.70044 16.3453 391.68 267.84
-4.98459 1.4863 23.8573 456.48 231.84
-3.27765 1.74373 9.80945 342.72 331.2
-3.67006 1.68333 12.3749 375.84 295.2
-2.01789 1.62439 8.72826 421.92 339.84
-3.36102 1.66292 15.5683 443.52 272.16
-19.2381 -16.1394 139.42 509.76 103.68
-16.3711 -13.3423 94.7599 483.84 86.4
-15.8163 -11.0955 61.7268 421.92 57.6
-12.1197 1.67579 28.8302 295.2 231.84
-4.89785 1.6432 10.567 241.92 312.48
-4.55079 1.69284 10.7897 273.6 313.92
-4.55968 1.64514 11.1795 289.44 303.84
-4.80028 1.69798 11.0178 264.96 311.04
-6.38121 1.77421 9.90337 95.04 331.2
-5.91969 1.55703 10.1032 144 311.04
-11.1512 -3.59807 26.8822 300.96 89.28
-11.7971 -1.20422 25.3002 260.64 152.64
-11.7874 -0.233515 18.215 118.08 178.56
-16.5229 -10.3059 97.2036 489.024 112.32
-12.0255 0.847495 18.5829 117.504 224.64
-12.0899 0.175938 18.6422 115.776 196.992
-9.11166 -2.37164 73.4361 518.4 164.16
6.04373 0.349317 10.1318 1085.18 217.728
3.38115 0.501653 7.39206 988.416 247.104
4.00944 0.228762 7.54886 1048.9 216
5.92798 -2.03406 14.1664 931.392 77.76
3.24236 0.0216026 8.70323 910.656 190.08
2.25939 1.34479 11.1392 768.96 285.12
0.740868 1.51854 8.34666 679.104 338.688
0.40058 1.51142 8.77733 644.544 328.32
0.618746 1.49531 11.4615 658.368 298.944
5.9811 -2.12706 18.1563 860.544 100.224
-2.61323 1.46478 27.1493 535.68 229.824
-2.82263 1.60521 17.0234 482.112 260.928
-0.668323 1.51659 15.4019 573.696 262.656
-0.906298 1.56307 9.15117 528.768 328.32
-1.4429 1.70539 9.16348 485.568 340.416
-1.81408 1.57758 11.0334 478.656 300.672
0.139362 1.45237 11.3749 618.624 290.304
-4.9351 1.47154 23.6205 456.192 231.552
-2.7686 1.6407 9.60567 376.704 324.864
-3.06676 1.68386 9.25536 342.144 331.776
-2.09404 1.64705 9.3386 428.544 331.776
-2.67738 1.43144 11.7219 428.544 285.12
-16.4071 -14.3878 132.234 514.944 107.136
-1.10273 -8.20987 189.062 604.8 152.064
-18.4171 -12.6823 71.1049 421.632 57.024
-5.01214 1.66152 10.7812 241.92 312.768
-5.4725 1.65656 10.3745 190.08 316.224
-4.66694 1.69075 12.0595 307.584 298.944
-12.1919 0.315782 16.4681 43.2 203.904
-10.8686 1.56751 17.3933 134.784 255.744
-6.36795 1.74922 9.8403 95.04 331.776
-5.96025 1.56398 10.1484 143.424 312.768
-12.0607 -0.264856 18.6373 117.504 179.712
-5.99343 1.24841 26.5635 441.677 223.949
-11.9791 0.199168 18.3925 116.122 196.992
5.97526 0.34536 10.017 1084.49 217.728
5.96274 -3.55577 18.1006 858.471 41.472
3.05882 0.293676 7.33422 953.856 221.875
3.32718 0.506847 7.31857 989.107 246.758
3.99136 0.22773 7.51483 1049.24 213.581
2.27647 1.35795 8.1494 837.734 325.555
2.28786 1.02689 8.31436 833.587 288.23
2.29304 1.37424 11.3832 767.232 279.936
5.93132 -1.98121 10.5328 1053.39 39.3984
5.86294 -1.55373 20.9883 819.072 134.784
0.395473 1.53907 8.93787 646.963 327.629
3.22027 0.00946626 8.67635 910.311 188.698
-6.37147 1.71706 10.2192 111.974 323.482
-1.05072 1.57601 10.045 526.694 313.114
-1.82852 1.59014 11.1212 479.002 300.672
-13.7076 -1.06066 22.284 147.226 153.446
-11.8535 -0.234321 18.2778 116.122 178.33
-6.28129 1.74266 9.7273 93.312 331.776
-12.2968 0.174095 18.4469 103.68 196.992
-11.9333 0.287201 16.1492 43.5456 203.213
-2.91782 1.70681 10.0748 375.322 323.482
-3.15712 1.67343 9.48822 342.144 329.702
-3.71019 1.70976 12.5692 379.469 294.451
-0.144677 1.53539 9.29186 595.123 319.334
-3.03971 1.61418 13.0694 427.162 284.083
-4.94701 1.65473 10.6411 240.538 311.04
-5.56364 1.72016 10.41 184.55 321.408
0.650617 1.4222 16.8194 636.595 252.979
2.17713 1.1242 29.0862 663.552 215.654
1.91347 0.673278 49.466 636.595 196.992
-11.6637 -2.47073 24.9397 259.2 114.048
-12.4114 -3.98842 27.7778 275.789 80.8704
-4.19557 -4.78261 60.0885 557.798 130.637
-2.79915 1.62901 17.0246 481.075 259.2
-9.4974 -1.60433 43.9921 449.971 161.741
6.02654 -2.07478 14.45 928.973 78.7968
-11.8568 0.177105 18.7659 141.834 189.112
-12.2132 0.176597 18.712 114.463 196.577
4.01595 0.218044 7.54137 1050.07 213.996
6.02856 0.335948 10.1537 1084.91 216.484
3.08249 0.295948 7.39096 955.515 221.461
6.38506 -2.22964 17.0119 898.284 87.0912
6.14969 -2.19445 18.5118 858.471 99.5328
2.17064 0.721213 11.0817 763.914 241.367
3.24471 -0.0147292 8.70955 910.725 186.624
5.96986 -1.6118 21.3711 818.657 134.369
2.44161 0.590117 7.60446 875.889 253.809
2.27927 0.628505 7.55725 858.471 256.297
-0.0114655 -4.53219 42.747 609.638 111.974
-2.87201 1.65825 9.86918 375.736 323.482
-3.62314 1.67496 12.5705 383.201 293.622
-4.71826 1.70934 12.1921 306.063 303.575
-4.86101 1.65473 12.0415 288.645 298.598
-0.375599 1.5302 9.92915 579.779 313.528
-1.12939 1.51748 15.859 547.43 263.762
5.86297 -2.01488 12.0484 990.352 59.7197
-1.00455 1.52049 9.86612 527.524 313.528
-6.63709 1.77754 10.3228 92.0679 325.97
-12.3834 0.201585 18.6157 104.509 196.577
-11.9781 0.521631 16.4577 52.2547 211.507
-12.1926 -0.238467 18.6012 114.463 179.159
-5.61796 1.67589 10.1421 171.694 320.993
-6.34582 1.70153 10.0436 114.463 323.482
-12.8508 -0.378074 19.1183 99.5328 174.182
-12.8713 -0.65369 17.9247 62.208 161.741
0.612863 1.45227 17.7594 634.522 251.32
-1.91715 1.61288 9.7608 452.874 323.482
-3.01321 1.5916 13.0335 427.991 283.669
-15.9871 -11.6144 85.0075 472.781 89.5795
-11.379 -1.16979 28.7829 316.017 159.253
2.19078 0.743463 11.1845 766.403 228.925
2.74168 0.0115108 10.5503 808.704 191.601
-4.79161 1.57896 10.2455 241.367 311.04
-5.78708 1.2742 12.0865 241.367 263.762
-5.82785 1.26204 11.6633 218.972 271.227
-2.351 1.58199 16.0661 497.664 261.274
-6.07991 0.0679341 62.2654 537.477 189.112
-10.6824 -3.44327 26.5536 308.552 94.5562
-0.790013 1.52163 16.137 572.314 261.274
-9.26339 -3.53197 46.8311 462.828 134.369
-1.93345 -6.18675 169.646 599.685 161.741
-0.450373 -6.94229 101.401 604.662 139.346
3.2293 -0.0146592 8.66817 910.725 185.131
-4.65884 1.6939 12.082 307.556 298.598
-4.83083 1.65494 11.8041 289.641 298.598
-3.65532 1.62724 13.3253 385.192 292.626
-0.253857 -5.64381 43.5236 606.155 95.5515
-0.0757982 -7.06731 45.6804 606.155 74.6496
-0.986037 1.55625 10.0982 528.519 313.528
-1.93172 1.61979 11.5534 477.758 298.598
-1.15068 1.47238 15.8485 546.435 262.767
2.27687 0.620203 7.58428 859.964 253.809
2.87842 0.129131 10.5674 836.076 206.033
5.57673 -3.62462 20.1646 815.174 56.7337
6.15339 -4.89055 27.8539 776.356 56.7337
-12.8953 -0.966457 20.9161 146.313 152.285
-4.44674 1.67581 10.1416 250.823 313.528
-5.50701 1.66701 10.4399 194.089 316.514
-5.65669 1.24549 11.8142 226.935 277.697
0.58903 1.44328 17.0687 633.029 250.823
1.85698 0.960061 25.7668 662.889 217.977
-11.9549 0.151583 18.8382 113.467 197.075
-3.44527 1.64863 16.062 441.926 271.725
-3.20928 1.68407 13.6354 426.996 283.669
1.7071 -3.46149 21.2285 668.861 65.6917
-11.6757 -0.154346 17.8504 110.481 179.159
-12.1765 -0.619602 16.99 59.7197 161.243
-11.9515 -1.18787 25.708 262.767 155.271
-9.3674 -2.22165 24.1189 325.472 125.411
-11.1282 -1.14016 24.6753 262.767 149.299
-0.282672 0.592223 48.4641 606.155 197.075
-10.602 -3.42921 26.4452 310.542 92.5655
-12.2499 -3.71116 27.1626 277.697 83.6076
-6.45366 0.235835 60.8883 531.505 191.103
-5.83347 0.567223 34.6012 483.729 200.061
-9.14687 -0.209048 123.612 555.393 185.131
4.75192 -3.24883 85.8123 647.959 161.243
-5.66439 1.6403 9.92675 155.271 313.528
-17.0029 -10.5525 100.853 486.715 110.481
5.74574 -1.5436 20.4669 818.16 134.369
6.00472 -2.11905 18.3053 856.978 101.523
2.28902 1.45662 11.2853 770.384 292.626
6.0388 -1.57544 14.4794 925.655 110.481
6.12038 -1.34038 10.9225 1054.05 92.5655
3.07136 0.263268 7.33981 955.515 220.963
0.639799 1.52342 11.5538 652.139 293.821
6.68888 -2.56224 30.0884 773.967 121.828
6.24359 -4.93119 28.0854 770.384 68.0805
-2.36286 1.61852 10.4083 415.649 304.57
-3.12468 1.64841 13.1979 422.815 283.071
0.580813 1.49701 18.3065 630.64 250.823
2.55083 0.600443 29.1953 673.638 204.241
1.74331 0.506226 46.7484 637.806 197.075
1.54424 -3.34496 19.2032 670.055 68.0805
-16.0195 -12.9267 92.7246 462.23 89.5795
-12.5619 -0.370341 18.7273 107.495 179.159
-13.0598 -0.155451 17.9782 71.6636 171.993
-12.9254 -0.910003 18.5758 71.6636 146.91
-11.4904 0.685147 18.3885 121.828 229.324
-11.9182 0.22361 18.299 111.079 197.075
-17.5185 -9.50235 61.9768 401.316 75.2468
-11.7637 -3.87366 28.9412 315.32 100.329
-12.5348 -3.98903 28.0538 275.905 82.4132
-1.9804 -6.07848 154.862 598.391 161.243
-13.7157 -1.69099 38.9412 347.569 154.077
-2.29765 1.44885 22.262 530.311 240.073
-6.23879 0.591981 36.1115 483.73 200.658
-12.6978 -6.75492 80.6403 501.645 128.995
-11.5918 1.3622 17.8742 118.245 254.406
-4.72945 1.62021 11.5563 286.655 297.404
-7.07301 1.45979 13.8469 214.991 272.322
-0.138174 -6.94494 45.2967 605.558 75.2468
-3.31755 1.67856 11.9725 386.984 300.987
-0.88317 1.49807 16.6228 569.726 257.989
-1.01196 1.58275 10.3637 523.145 300.987
6.42894 -1.88821 23.7234 816.965 132.578
6.26969 -2.16612 16.7045 895.795 89.5795
2.71204 0.10619 9.8063 834.881 207.825
6.42025 -1.01335 15.762 920.878 136.161
5.76318 -1.50857 13.8648 920.878 121.828
3.06492 0.273815 7.34884 953.126 222.157
