-6.25886 1.7621 9.4682 82 334
2.2727 1.22533 26.8676 671 219
-1.1527 1.58275 15.0132 549 267
-10.3994 -3.50672 59.713 485 143
-16.7481 -10.2256 97.7284 485 109
-12.9581 -11.0466 114.727 527 116
-11.1699 -11.6848 361.809 587 163
-15.5587 -10.7719 60.3936 421 56
-11.2387 -1.10033 28.0332 311 157
-11.6347 1.39524 17.062 90 248.4
-10.6432 -3.8335 53.8065 465.6 134.4
-14.2397 -11.9632 96.3935 501.6 94.8
-17.8394 -14.3058 94.1605 471.6 75.6
-11.6979 -1.11913 24.2203 247.2 151.2
-11.6762 -1.61852 37.2724 378 154.8
-0.116729 -4.90887 38.2665 606 91.2
-11.9542 0.945823 17.5306 90 226.8
-11.7102 -0.197473 17.2785 92.4 177.6
1.25793 -6.51052 37.9832 633.6 60
-11.0826 -3.51872 26.0189 292.8 85.2
-10.922 1.66392 16.6627 110.4 259.2
3.0959 0.327424 6.39868 1023.6 228
5.76675 -1.95122 16.269 879.6 94.8
-2.13433 1.47627 23.1788 536.4 232.8
-2.77316 1.66541 15.7973 474 266.4
-16.5882 -10.1291 84.4554 466.8 98.4
5.96408 -1.96869 13.1996 960 70.8
-2.70125 1.72856 9.15115 371.52 338.4
-11.1215 -3.48337 26.0253 292.32 84.96
-11.6099 1.38943 16.9909 90.72 249.12
-11.4032 -2.3555 27.216 298.08 122.4
-0.0630845 -5.93479 38.0184 607.68 70.56
6.22806 -1.19621 65.067 679.68 172.8
-11.0113 1.65066 16.7634 109.44 260.64
-9.55942 -3.35994 68.5862 511.2 146.88
-6.38943 -5.66329 65.4351 538.56 122.4
-14.2822 -4.85261 80.719 480.96 142.56
-13.7059 -8.30402 82.6606 489.6 109.44
0.892001 -6.32709 38.1516 630.72 66.24
-4.62341 -6.15752 122.222 581.76 149.76
-8.80696 -1.30069 40.275 449.28 164.16
2.20052 0.782839 10.0879 781.92 247.68
2.26288 1.03092 7.14064 874.08 308.16
5.64801 -1.91857 15.9968 879.84 95.04
5.97174 -3.58622 17.3934 871.2 28.8
6.43545 -2.27094 27.5683 783.36 123.84
-2.75822 1.64763 15.8377 475.2 266.4
-0.673272 1.57775 14.581 574.56 270.72
-8.57181 1.44894 24.9275 352.8 230.4
-2.74367 1.68069 8.64314 351.36 342.72
-3.23698 1.7529 11.8002 394.56 303.84
-1.81158 1.6221 10.1587 468 315.36
-2.82816 1.57669 11.4736 417.6 293.76
-15.2809 -12.7945 111.869 508.32 105.12
-16.2682 -12.9964 94.164 483.84 86.4
-4.75808 -5.24391 69.5299 560.16 131.04
-15.8803 -10.9355 61.3111 420.48 56.16
-11.5021 0.32508 23.8837 249.12 195.84
-4.73359 1.72615 9.94401 230.4 325.44
-4.87081 1.68638 9.56166 204.48 326.88
-4.69022 1.74542 10.5629 259.2 316.8
-4.48428 1.77265 11.7138 309.6 303.84
-11.1627 -1.12771 27.7474 309.6 156.96
-11.8654 -0.175017 17.4358 92.16 178.56
-16.6237 -1.16466 22.4966 53.28 146.88
-13.6788 -0.931906 21.4605 131.04 152.64
-11.7986 -0.0625831 37.0061 374.976 184.896
-7.45666 -2.44588 156.766 575.424 174.528
-9.65682 -3.18711 125.775 554.688 167.616
-6.1973 1.28483 34.4831 476.928 214.272
-6.01943 0.897172 43.6231 508.032 202.176
-5.78626 1.34226 24.8784 435.456 226.368
-7.7832 -1.60512 22.0978 343.872 131.328
-9.00113 -2.14104 72.5452 520.128 164.16
-6.59719 0.934559 23.3396 397.44 216
3.92689 0.532583 6.40387 1133.57 259.2
4.01052 0.28008 6.54025 1131.84 222.912
3.35928 0.534803 6.32476 1062.72 260.928
3.37838 0.607041 6.34411 1057.54 269.568
2.27573 1.03678 7.18118 872.64 307.584
5.84697 -3.68463 20.0333 831.168 48.384
-2.1924 1.5251 19.6529 525.312 245.376
-0.140336 1.56285 8.27387 596.16 342.144
-0.696621 1.56435 14.6455 571.968 271.296
-2.87932 1.72845 8.95278 350.784 342.144
-4.76302 1.80182 15.8374 378.432 274.752
-1.80761 1.65926 8.59439 435.456 342.144
-2.96638 1.67049 12.0344 416.448 293.76
-14.6476 -10.0866 56.5516 419.904 62.208
-4.78556 1.75396 10.0239 231.552 324.864
-11.777 0.258043 17.2006 88.128 198.72
-11.1997 1.65168 17.0141 108.864 260.928
-11.8671 -1.13532 24.5706 247.104 152.064
-11.1266 -1.07581 24.0054 264.384 153.792
-11.4171 -2.35837 27.2493 298.944 122.688
-10.6471 -2.16738 23.1796 266.112 115.776
-14.3781 -2.19723 20.9995 93.312 107.136
-11.6675 -0.147945 17.1101 91.584 177.984
-21.4638 -7.46142 121.307 479.002 141.005
-5.55582 1.26313 24.0313 437.53 226.022
6.27593 -1.4083 66.5341 684.288 167.962
-11.3987 0.250262 16.6819 89.1648 196.992
-12.2381 0.261763 17.4485 74.6496 196.992
5.72608 -1.91364 12.712 958.003 70.5024
5.92358 -1.99671 16.8437 877.133 95.3856
3.35303 0.544015 6.32958 1061.68 259.2
3.98475 0.27765 6.48351 1132.19 221.875
-11.5839 -2.36925 23.9153 246.758 111.974
-13.4056 -0.938458 20.9406 128.563 151.373
-4.62132 1.73626 11.0664 279.936 308.966
-5.86424 1.60169 9.08146 91.2384 325.555
0.158759 1.53929 10.5601 620.006 300.672
5.96733 -1.44292 20.2526 831.514 134.784
6.45678 -2.30322 27.4958 783.821 122.342
-11.5281 -7.14117 70.1144 487.296 109.901
-1.02178 1.60812 9.04656 518.4 329.702
-2.81512 1.68162 16.1644 474.854 265.421
-1.87192 1.66315 10.4158 466.56 313.114
-3.04106 1.6897 14.8519 454.118 273.715
-3.03169 1.68821 12.162 414.72 294.451
-3.75221 1.7741 11.6166 358.733 304.819
-11.6825 -0.171617 17.0972 89.1648 178.33
-16.5662 -1.13158 22.4611 51.84 147.226
-4.52232 1.72919 9.72762 238.464 327.629
-4.86542 1.68452 9.55108 201.139 325.555
5.74934 -3.6231 19.6988 829.44 47.6928
-15.267 -10.5131 58.9431 418.867 55.9872
0.598775 1.38815 14.9419 638.669 257.126
2.21855 1.18404 28.5772 667.699 217.728
2.07181 0.775607 51.7001 638.669 199.066
-7.4064 0.111296 102.009 557.798 188.698
-4.36445 -4.8012 62.5071 559.872 130.637
-12.2429 -3.87771 26.4933 265.421 78.7968
-11.2999 -1.09916 24.5264 263.347 153.446
-11.375 -0.0976149 31.67 340.07 182.477
6.08086 -2.00493 11.419 1025.19 49.7664
5.8853 -1.98767 14.5481 920.679 82.1146
-4.5118 1.76438 10.7683 281.18 308.552
-1.80452 1.61577 10.1191 467.804 313.528
-3.06703 1.68139 12.2355 413.061 293.622
-5.59212 1.72798 9.21595 126.904 325.97
-1.01072 1.61055 9.06023 527.524 318.505
-12.0974 -2.46718 24.9039 246.344 111.974
-3.13193 1.71189 11.4173 393.155 303.575
-3.57096 1.7168 11.45 353.341 316.017
-4.88456 1.67324 9.56254 199.066 325.97
-0.69939 1.64707 10.884 557.384 306.063
-0.727455 1.5665 14.8592 572.314 268.739
-15.0001 -10.6754 79.7594 472.781 89.5795
-11.7257 -0.147778 17.0908 87.0912 179.159
-11.9309 -0.263312 16.8766 67.1846 171.694
0.611843 1.50145 16.4071 639.498 258.785
2.3252 1.25673 28.4232 666.87 218.972
5.48142 -3.42344 45.392 699.218 129.393
-10.9723 -3.34516 26.3627 301.087 89.5795
-6.01468 0.324269 61.5973 537.477 191.601
-8.27735 1.2312 21.7009 323.482 228.925
-11.1327 1.29607 27.5776 308.552 221.461
-11.8379 0.258851 17.2544 87.0912 199.066
-1.81463 -5.36355 159.22 602.174 164.229
-9.42341 0.138944 127.35 557.384 186.624
-0.449717 -6.50962 101.253 607.15 139.346
-10.4825 -2.47532 57.0033 475.269 154.276
-9.89056 -3.48882 48.9686 462.828 134.369
3.36711 0.536049 6.3395 1062.51 261.274
5.50791 -4.2161 23.4551 785.314 62.7057
-2.21876 1.52594 14.4744 492.687 268.739
0.57704 1.41301 12.2698 644.973 274.711
-1.80071 1.59672 10.1771 465.814 313.528
3.18681 0.0503511 7.56541 958.501 188.117
6.24875 -1.51814 21.3083 833.09 134.369
-0.0958356 0.946802 57.756 606.155 197.075
0.619437 1.55499 17.2543 639.001 256.795
2.26293 1.2263 28.6358 665.875 217.977
2.20623 0.789906 10.179 785.314 235.893
1.66866 -3.29894 19.7267 674.833 59.7197
-12.2424 -3.81532 26.5722 265.753 77.6356
-12.131 0.259989 17.3303 65.6917 209.019
-2.34123 1.69192 21.8026 528.519 244.851
-6.1812 0.469256 58.3177 534.491 191.103
-6.02379 0.717091 34.8671 483.729 203.047
-3.73545 -4.34466 54.5862 564.351 137.355
-6.007 1.35754 25.8275 435.954 226.935
-12.8859 -0.928061 20.0851 125.411 152.285
-12.5125 1.80314 18.312 89.5795 259.781
-4.84153 1.71072 10.9036 262.767 307.556
0.102492 -4.20901 40.7686 612.127 110.481
-13.7683 -8.54499 81.6667 486.715 110.481
2.37666 0.601553 6.3795 928.641 268.739
2.98851 0.309252 6.21244 1024.19 229.921
-3.07309 1.66766 12.2597 422.815 286.655
-3.48094 1.79677 15.0566 433.565 275.905
-11.6326 -3.60104 25.3252 265.155 78.83
0.0868809 1.55039 12.992 616.307 279.488
-0.6699 1.44557 14.0837 569.726 265.155
-12.0155 -0.150213 17.3724 82.4132 179.159
2.21365 1.28376 29.0344 662.889 218.574
-0.126421 -6.3542 41.4438 619.89 68.0805
-17.6123 -11.6712 87.1991 462.23 89.5795
-18.6449 -9.9662 65.0022 412.066 75.2468
5.68201 -1.48268 58.5119 680.805 164.826
4.62641 -3.89648 41.672 677.221 125.411
-0.920854 1.39322 17.3321 569.726 247.24
-0.19453 1.04542 63.7717 605.558 197.075
-1.88687 -4.97039 147.549 601.974 161.243
-11.4382 -3.67835 27.482 290.238 85.9964
-12.6315 -1.51542 34.8981 340.402 150.494
-2.23788 1.55034 21.1137 523.145 243.656
-5.64719 0.276848 52.5893 530.311 193.492
-5.66434 0.674301 32.7865 480.146 200.658
-12.5503 0.298063 18.1822 85.9964 197.075
-7.90218 -3.32474 76.5644 537.477 161.243
-11.8522 1.66651 17.4165 89.5795 257.989
-4.7793 1.69404 10.7973 257.989 304.57
-12.054 0.133305 25.3223 261.572 193.492
-0.074514 -6.94757 44.9064 605.558 71.6636
-3.58454 1.70883 11.2921 365.485 300.987
6.23676 -1.51522 21.2674 831.298 132.578
6.81141 -2.638 29.5308 763.218 139.744
0.531493 1.50972 16.7521 634.223 257.989
2.37048 0.602238 6.38676 924.461 268.739
3.03048 0.311792 6.26347 1021.21 229.324
3.99043 0.25095 6.49276 1139.45 218.574
