-1.17339 1.64909 14.4949 545 272
-15.9812 -11.0908 61.7006 419 53
-3.15542 -3.85488 62.6725 571.2 140.4
-10.1534 -3.65709 51.3304 463.2 132
-17.3946 -14.9413 117.75 501.6 93.6
-18.6365 -15.0818 98.3674 470.4 73.2
-11.425 -1.0847 27.635 301.2 154.8
1.37084 -6.65126 38.1845 634.8 55.2
-6.0809 -4.3108 67.0517 542.4 138
-0.0691138 -5.45904 41.6519 607.2 87.6
-12.3218 0.971665 17.1264 58.8 228
-11.5374 1.71217 16.6811 80.4 265.2
-11.8391 1.4372 16.4554 58.8 252
-18.9422 -20.8398 674.333 586.8 160.8
6.01624 -1.96471 12.2583 992.4 60
-4.38809 1.70833 8.66135 200.4 344.4
6.88285 -1.26675 68.9037 682.56 171.36
-12.0693 -1.64382 37.8549 372.96 154.08
-11.1475 -1.09218 26.8733 299.52 155.52
-13.6319 -4.63166 77.0437 479.52 141.12
-13.2673 -8.55534 80.6928 489.6 108
-17.1431 -10.6927 100.852 488.16 110.88
-11.3111 1.69793 16.3211 79.2 264.96
-12.2174 0.963432 16.9813 64.8 231.84
-11.5799 -2.36757 26.9227 285.12 118.08
-40.6403 -42.5134 1316.4 583.2 161.28
-4.50377 -6.22717 123.605 581.76 148.32
5.88647 -1.97544 15.5681 898.56 89.28
-0.47112 1.65105 13.9987 583.2 270.72
-8.36609 1.46818 23.5666 342.72 231.84
-4.57157 1.74948 17.2788 407.52 262.08
-4.45266 1.77605 12.3017 324 296.64
-2.72449 1.65246 14.7043 465.12 272.16
-18.8673 -15.0728 109.208 483.84 84.96
-4.31738 -4.95986 65.7637 561.6 126.72
-11.4993 0.314112 23.0779 233.28 195.84
-4.70056 1.74199 8.95835 184.32 344.16
-4.42152 1.74647 10.659 280.8 315.36
-11.5568 1.42527 16.063 59.04 252
-12.0531 0.274632 16.7529 59.04 197.28
-4.84525 1.69183 8.63863 154.08 345.6
-11.7428 -1.11548 23.4357 231.84 148.32
-11.9513 -0.190586 16.6759 60.48 177.12
-15.9609 -1.12942 20.7032 27.36 144
-6.90875 1.01184 23.6278 388.8 217.728
-6.37766 1.39929 34.9457 473.472 214.272
-11.6586 -0.0607795 35.9396 369.792 184.896
-9.00309 -1.20743 40.9116 445.824 162.432
-5.69038 1.34778 23.7557 428.544 228.096
-11.1726 -2.28429 25.9758 286.848 119.232
2.3315 1.23447 26.2668 672.192 219.456
6.15218 -2.04198 16.2709 898.56 88.128
-0.625538 1.59781 13.5473 571.968 276.48
-4.58616 1.77658 14.3843 361.152 281.664
-2.71321 1.65807 14.7543 466.56 273.024
-17.6284 -15.2344 143.688 516.672 105.408
-0.0100782 -6.02233 37.5747 608.256 67.392
-16.6691 -9.78906 61.0761 407.808 69.12
-16.3855 -11.3106 62.9233 418.176 53.568
-12.0667 0.297123 16.7071 57.024 198.72
-11.1327 -3.53966 25.3903 279.936 81.216
-15.9049 -2.71432 22.6317 79.488 95.04
-11.8547 -0.166035 16.5411 58.752 177.984
5.9621 -1.95814 12.2172 991.181 60.1344
3.41424 0.561407 5.39646 1167.44 275.789
6.11743 -3.81198 19.826 843.955 41.472
-11.4172 1.41508 23.776 244.685 232.243
-11.2777 -1.05556 23.5537 248.832 151.373
-11.6177 -1.07134 23.1861 232.243 149.299
-25.096 -21.4447 202.263 518.4 107.827
-13.722 -8.70128 82.0693 487.296 109.901
-1.76863 1.64908 9.13403 449.971 329.702
-2.82036 1.68943 15.2218 466.56 271.642
-3.13883 1.73413 10.5837 371.174 315.187
-3.43855 1.63908 9.91932 331.776 317.261
-11.6819 -3.66018 24.5406 250.906 72.576
-4.61203 1.72546 10.1019 244.685 323.482
-1.0823 1.60374 14.0963 547.43 271.642
-19.3542 -13.3209 73.5381 416.794 53.9136
2.13988 -3.14611 18.3548 705.024 53.9136
-12.0045 -0.191063 16.7176 58.0608 178.33
-13.5211 -0.965446 20.2836 105.754 149.299
0.702943 1.53417 14.947 642.816 263.347
2.42877 1.29076 29.1928 671.846 219.802
-2.18851 1.59185 19.1406 522.547 246.758
-11.2584 -2.31691 23.7201 252.979 111.974
-11.9666 0.249042 16.6005 55.9872 196.992
-11.0028 -3.53324 25.0938 279.936 80.8704
-12.4988 -5.45045 29.6341 286.157 43.5456
-13.03 -0.156817 35.0558 331.776 182.477
-6.58087 -6.01239 68.3698 532.915 120.269
5.94211 -1.98687 15.8318 898.284 89.5795
3.41862 0.555832 5.41529 1181.95 271.227
2.95982 0.653145 5.34853 1092.37 293.622
0.106189 -4.36087 42.2395 612.127 106.998
-4.57748 1.72304 10.0877 243.855 323.482
-12.0328 -1.14621 24.0814 233.902 149.299
-1.79779 1.62706 9.15308 452.874 325.97
-2.97352 1.70392 13.9532 440.433 281.18
0.173313 1.55332 9.7279 624.568 313.528
-11.5976 -3.67839 24.4348 251.32 72.1613
-19.9374 -3.07152 27.873 69.673 102.021
-3.10254 1.72202 11.4849 398.131 303.575
-4.79396 1.83616 15.0361 363.295 278.692
-23.4891 -19.0415 123.077 470.293 74.6496
-11.9954 -0.167032 16.6404 54.743 179.159
-0.682842 1.6432 9.7796 554.895 320.993
-0.686487 1.62711 13.6349 569.825 273.715
0.651547 1.51818 15.2032 641.987 261.274
2.23835 1.24785 27.3615 669.358 218.972
-1.43883 -5.87847 199.181 602.174 161.741
-0.0273756 -6.56182 102.065 607.15 149.299
-3.72331 -4.26589 55.5379 559.872 126.904
-5.3177 1.27431 22.4607 430.479 226.437
-9.67951 -3.41438 47.9237 460.339 131.881
-4.81859 1.83757 15.0477 361.304 280.683
0.279774 -4.37748 41.8368 612.127 107.495
-1.87967 1.6892 9.50266 447.898 313.528
-3.30288 1.73039 13.5525 418.038 286.655
0.668536 1.56754 9.64884 665.875 316.514
0.657979 1.50565 14.8706 641.987 262.767
6.80889 -2.4483 27.8408 794.272 119.439
-0.67043 1.57706 13.6943 570.323 271.725
-12.0551 -0.144044 16.659 56.7337 179.159
-13.6447 -0.93991 20.3416 104.509 149.299
0.688025 1.53114 15.5497 624.071 253.809
2.2669 1.24642 28.1899 668.861 217.977
-0.0829756 0.819753 50.0059 606.155 197.075
-5.16145 0.292137 75.4244 561.365 191.103
2.27634 -5.23236 56.8039 639.001 116.453
-17.0878 -12.1612 90.8602 462.828 86.5936
-12.6163 -1.56838 33.9429 331.444 152.285
-7.75151 0.121123 111.016 558.379 185.131
-0.350937 -7.5564 115.046 609.141 137.355
-4.66042 -5.20238 77.5632 564.351 137.355
-12.1669 0.322403 16.8134 56.7337 200.061
-2.41772 1.79466 21.9463 522.547 247.837
-5.45732 0.781484 31.5882 480.743 203.047
-11.909 -1.52502 32.04 334.43 149.299
-11.3446 1.35685 27.2571 298.598 223.949
-5.75758 1.3637 24.0363 429.982 226.935
-17.009 -10.5563 100.889 486.715 110.481
-1.06898 1.55582 13.6751 537.477 274.711
5.9253 -1.94052 12.1073 991.347 59.7197
3.3958 0.356718 5.85664 1122.73 238.879
-3.19104 1.64476 13.1687 419.232 286.655
-2.8304 1.58064 12.9437 437.148 283.071
0.644604 1.55488 12.5893 637.806 261.572
-10.2405 -5.26173 62.8146 487.313 121.828
-18.4191 -15.0411 97.2201 483.73 85.9964
-11.6085 -2.38524 23.1035 229.324 107.495
-12.0748 -3.81857 25.366 250.823 75.2468
-0.878873 1.42175 16.5419 569.726 250.823
-0.12847 0.690406 42.1155 605.558 197.075
-17.4155 -11.5409 86.2251 458.647 89.5795
5.43989 -1.58516 53.7104 680.805 164.826
8.71545 -4.93026 146.358 655.722 150.494
0.6245 1.67229 16.7465 630.64 247.24
2.28866 1.36902 30.0183 666.472 218.574
-9.89907 -3.00811 32.171 372.651 111.079
-1.23125 -4.81454 142.922 601.974 161.243
-2.18588 1.50024 18.6635 523.145 247.24
-7.01085 0.554056 68.8564 530.311 189.909
-11.6621 -2.69274 62.0103 472.98 154.077
-10.669 -0.992876 25.2957 290.238 157.66
-12.081 -1.59226 32.5028 333.236 150.494
-0.118463 -6.1703 38.8349 605.558 68.0805
-2.98718 1.68204 11.1151 394.15 304.57
-0.730928 1.5269 13.7574 548.227 272.322
5.61353 -1.33476 18.0303 842.048 128.995
7.28444 -2.64568 29.6168 791.883 118.245
6.23475 -2.05726 14.328 942.377 75.2468
2.39256 0.617399 5.36117 999.708 290.238
3.44542 0.574109 5.44574 1164.53 275.905
2.97599 0.653428 5.35085 1100.04 293.821
3.48328 0.368561 6.05107 1121.54 240.073
