-2.77339 1.60338 9.62227 380 315
-3.06652 1.69957 13.7608 436 279
-0.798961 1.63774 8.42227 531 344
-1.09293 1.60688 9.3317 514 322
-0.549732 1.55025 12.2754 573 283
-11.7792 0.289488 16.2778 53 196
-11.5629 1.72797 15.7666 46 266
-11.5968 1.4128 15.2071 23 253
-11.5329 -1.77782 78.8125 501 167
-11.4003 -4.03777 68.7558 494 142
2.46767 0.459703 4.36053 1137 285
6.1801 -2.04587 9.66188 1127 19
2.23458 1.48781 15.7783 716 256
-16.168 -11.3589 61.7581 417 49
-11.6255 -0.175189 15.3287 26 173
-5.13295 -6.41259 101.95 571.2 138
-3.26189 1.73339 14.1945 430.8 277.2
-0.561434 1.53555 12.159 572.4 283.2
3.23714 -2.74383 15.0319 774 44.4
-0.0102469 -5.21968 38.2036 608.4 84
-4.31239 1.70781 9.53278 248.4 326.4
-11.6609 0.931355 15.2911 22.8 228
-11.998 0.298963 15.591 22.8 195.6
-11.5019 1.39868 15.0552 22.8 253.2
-11.7131 1.22183 16.0323 49.2 241.2
-11.8731 1.33573 15.5411 22.8 248.4
-11.574 -4.11443 65.4128 478.8 138
-8.24272 -9.80738 279.591 584.4 159.6
1.63195 -3.16531 16.113 686.4 32.4
1.346 -3.71368 17.6543 667.2 22.8
2.4499 0.682265 4.42708 1124.4 330
2.4749 0.454967 4.37333 1136.4 284.4
2.87849 0.495298 4.82552 1153.2 284.4
5.92827 -1.92405 11.0459 1032 46.8
0.587621 1.57459 8.65476 663.6 331.2
0.691676 1.55972 11.3501 658.8 292.8
5.95735 -3.58772 18.0082 860.4 34.8
-1.12347 1.6192 9.47982 513.6 321.6
-1.17429 1.59924 12.9485 537.6 279.6
-0.558472 1.5851 8.33031 553.2 339.6
-4.44697 1.71421 16.0484 394.8 265.2
-3.07516 1.72468 9.4797 346.8 330
-4.48395 1.75135 14.5068 370.8 276
-4.43704 1.71523 13.0085 343.2 285.6
-1.77249 1.66503 8.2102 429.6 349.2
-2.77102 1.69877 13.911 454.8 277.2
-7.4821 1.63307 13.3731 177.6 276
-4.38818 1.75069 11.2582 302.4 304.8
-4.3666 1.71901 10.4914 280.8 313.2
-11.5096 1.82875 15.148 25.2 276
-11.6332 -0.196282 15.3106 25.2 172.8
-15.8697 -12.9336 91.8575 483.84 80.64
-0.0098949 -5.04037 36.8913 607.68 83.52
1.36157 -6.61383 36.5117 636.48 50.4
-11.8824 0.759512 15.6962 27.36 218.88
-11.9402 0.292881 16.4686 53.28 195.84
-11.9827 0.421358 16.1249 38.88 201.6
-5.65579 -4.09619 62.3642 542.88 133.92
-0.399118 0.519386 11.3885 586.08 223.2
-12.0469 1.73147 16.0017 31.68 266.4
-12.156 1.25685 16.7984 59.04 240.48
-11.8555 0.923593 15.5181 28.8 231.84
-13.7242 -8.96606 83.4715 488.16 108
-11.5858 -1.53771 35.4114 367.2 149.76
-5.81122 0.906449 41.2819 505.44 200.16
1.60937 -3.14362 15.89 686.88 31.68
-4.37172 -6.2115 119.981 578.88 155.52
6.32785 -1.70553 8.87042 1189.44 30.24
6.06129 -2.00743 12.9753 973.44 64.8
5.93682 -1.95751 14.6251 921.6 80.64
5.92869 -1.92919 11.0754 1032.48 47.52
0.722297 1.49547 16.8541 640.8 252
0.506705 1.58511 8.71257 659.52 335.52
5.98884 -2.00264 16.3192 889.92 90.72
5.77996 -3.49559 17.5458 859.68 34.56
-0.657541 1.51977 15.6553 576 259.2
-1.13595 1.58512 13.1299 541.44 277.92
-0.441631 1.56596 13.1225 580.32 283.68
-8.05645 1.39091 21.8386 331.2 230.4
-2.93555 1.68506 10.2842 378.72 315.36
-3.00732 1.66659 9.23098 347.04 329.76
-2.76108 1.6734 13.8612 455.04 277.92
-11.1359 0.29118 21.3931 217.44 194.4
-4.38434 1.73467 9.1835 226.08 331.2
-4.6513 1.72552 8.7485 178.56 342.72
-7.44748 1.62149 13.2782 175.68 276.48
-12.7675 0.304448 18.5717 89.28 194.4
-11.7747 1.86746 15.4686 27.36 275.04
-11.5787 -2.42526 22.0084 213.12 100.8
-11.3247 -2.36256 25.267 273.6 113.76
-13.4967 -0.979164 19.4357 83.52 145.44
-6.09976 1.10691 22.2363 395.712 222.912
1.64791 -3.26373 16.4971 686.016 32.832
-5.96526 1.27955 31.9553 470.016 212.544
-13.195 -4.55115 73.9922 478.656 138.24
-8.4153 -2.19039 67.8237 518.4 160.704
5.88812 -1.96838 14.555 921.024 81.216
6.233 -2.04574 13.3429 972.864 65.664
5.93736 -1.93201 11.0915 1031.62 48.384
2.18936 0.765184 7.99684 832.896 264.384
3.94136 0.233991 17.1914 782.784 195.264
0.707835 1.51469 17.0708 639.36 252.288
5.78741 -3.50971 17.4945 858.816 34.56
0.672994 -6.68495 37.7746 622.08 53.568
-2.16941 1.6054 18.0931 516.672 250.56
-0.784561 1.58498 8.15094 530.496 336.96
-0.585632 1.61649 8.55786 552.96 340.416
-0.593218 1.57504 12.4716 570.24 285.12
-4.5728 1.73975 16.5025 393.984 266.112
-2.95043 1.68539 10.2862 380.16 314.496
-3.00315 1.66997 9.179 345.6 330.048
-4.61355 1.79496 13.4711 343.872 286.848
-2.54507 1.6965 13.736 456.192 278.208
0.038694 -5.66686 34.4595 608.256 62.208
-3.9736 -4.57773 61.8375 559.872 126.144
-15.1568 -10.5922 57.5896 416.448 48.384
-11.5408 -0.910473 46.0406 425.088 169.344
-4.18667 1.64095 8.37883 200.448 340.416
-8.20326 1.76569 14.6257 176.256 276.48
-3.72797 1.79927 9.66791 297.216 333.504
-4.44468 1.73875 11.2824 297.216 305.856
-11.9529 0.42031 16.0848 39.744 202.176
-5.01116 1.56323 9.30364 174.528 319.68
-10.8543 -3.44673 23.7747 267.84 74.304
-11.292 -2.3279 25.2723 274.752 114.048
-15.1599 -2.58932 20.6322 51.84 86.4
2.4774 0.455426 4.37773 1138.75 285.12
-11.4279 -0.0916776 29.7437 325.555 178.33
-5.67945 1.35603 22.7839 423.014 226.022
-8.46774 -3.2553 89.2629 539.136 157.594
6.11911 -2.02057 13.0602 972.519 64.2816
3.30158 -0.25921 5.44589 1148.77 143.078
5.92029 -1.93147 11.0885 1030.58 47.6928
-5.4235 1.48843 8.11907 60.1344 331.776
3.18397 0.0364596 5.47816 1119.74 201.139
2.24976 0.786293 8.21745 831.514 263.347
-5.02321 1.57589 9.30199 172.109 319.334
-8.0963 1.71833 14.3992 174.182 275.789
-12.2953 1.728 18.5999 109.901 252.979
-3.77788 1.82996 9.8328 298.598 331.776
-4.45348 1.76221 10.6645 277.862 313.114
-13.7239 -0.9897 19.6448 82.944 145.152
-2.70744 1.65243 13.6875 456.192 275.789
-10.5129 -2.19661 21.2765 238.464 105.754
0.760017 1.60544 8.5624 673.92 333.85
0.179673 1.56269 8.72272 624.154 329.702
0.719118 1.56936 11.537 657.331 292.378
0.71129 1.52249 13.8917 646.963 267.494
-11.7056 -1.12989 22.4274 215.654 145.152
-3.15424 1.7332 9.59996 344.218 329.702
-4.454 1.72179 13.0582 344.218 286.157
-15.1123 -13.2524 121.799 518.4 105.754
-12.6499 -8.02144 75.6571 485.222 105.754
2.41337 1.2581 26.7696 673.92 217.728
2.29491 0.754376 50.2849 642.816 196.992
-0.661416 1.50682 15.7476 574.387 259.2
-16.9804 -9.85742 60.9734 406.426 64.2816
-11.7954 0.393429 15.9027 39.3984 201.139
-4.68841 1.60045 25.6896 472.781 230.17
6.9621 -1.45498 68.7397 682.214 167.962
-10.4369 -3.34599 22.8605 267.494 74.6496
-4.27151 1.68644 9.41345 246.758 325.555
-3.60392 1.74528 9.44846 313.528 323.482
-4.41634 1.71239 10.5405 276.204 313.528
3.3016 -0.273111 5.42106 1152.09 141.834
-10.9306 2.2968 15.4617 59.7197 303.575
-11.557 1.76576 15.9095 52.2547 266.25
5.94073 -1.96751 12.7172 975.422 64.6963
-8.16431 1.76878 14.4844 171.694 276.204
0.677285 1.51354 13.9876 646.963 266.25
0.26367 -4.34491 39.4286 612.127 102.021
-2.77608 1.72598 14.1339 457.851 276.204
-1.1182 1.61161 9.43539 512.594 320.993
-1.08261 1.56598 9.24352 507.617 320.993
-12.0272 -3.81214 24.2049 238.879 64.6963
2.37233 0.622953 4.44328 1107.3 316.017
-11.2498 -1.07163 22.5144 233.902 146.811
-11.745 -1.13672 22.5631 216.484 144.323
-11.844 0.0861629 16.3673 52.2547 184.136
-3.06849 1.65207 11.7836 390.666 298.598
-4.38584 1.67755 12.8584 343.388 286.157
-0.453249 1.55724 8.76032 554.895 316.017
-0.444544 1.55791 13.209 587.244 273.715
-0.636445 1.59643 12.641 567.337 283.669
2.29669 -2.78222 17.9832 701.706 67.1846
-0.680842 1.52317 15.6904 574.802 258.785
-19.5704 -15.8648 102.544 470.293 69.673
-18.1093 -12.5232 68.0883 415.549 49.7664
2.25773 1.19541 25.4357 674.335 218.972
-5.79155 0.22973 59.3122 532.501 191.601
0.914955 -2.84499 15.014 646.963 47.2781
-3.49464 -4.29395 52.127 559.872 124.416
-5.08705 1.17088 20.6377 423.014 226.437
-11.2221 -2.59116 59.6711 472.781 151.788
-10.261 -3.77945 50.1124 457.851 126.904
-4.06708 1.60833 8.90831 246.344 325.97
5.97163 -1.98185 16.1498 890.819 89.5795
2.19655 0.782836 8.06408 833.587 263.762
6.14147 -0.857705 9.60149 1122.23 114.463
-5.7503 1.3238 8.82892 83.6076 313.528
-11.5711 1.78665 15.8984 59.7197 259.781
-1.20914 1.5811 10.448 516.575 304.57
6.1749 -2.04506 13.2185 976.417 65.6917
-2.74582 1.66828 13.9798 456.856 283.669
-2.91679 1.67102 12.5409 429.982 286.655
-15.2032 -9.43552 90.1777 486.715 107.495
-0.00979902 -5.19482 36.5338 609.141 86.5936
0.102837 -6.84078 40.906 609.141 62.7057
-2.87309 1.61767 9.8729 376.234 313.528
-3.6659 1.73432 10.4081 340.402 313.528
-3.19013 1.69941 12.1212 403.108 292.626
-4.47344 1.7293 13.1152 343.388 286.655
1.66721 -3.62802 37.6796 641.987 113.467
0.694262 1.56555 11.3925 656.917 292.626
0.696479 1.56127 14.8095 647.959 268.739
-12.5567 1.82812 18.5656 110.481 253.809
-11.9814 0.0643773 16.6211 56.7337 185.131
-12.8193 -0.922626 18.3135 80.6216 143.327
-0.434936 1.57121 13.4807 588.239 271.725
-0.668406 1.5363 12.5806 567.337 283.669
-12.078 -3.83899 24.3754 238.879 65.6917
0.645456 1.46599 13.7246 636.015 250.823
2.22631 1.1809 25.8933 671.846 217.977
4.9446 -3.01585 37.8911 704.692 125.411
-0.77333 1.34702 14.9468 570.323 253.809
-0.0819701 0.809819 49.3999 609.141 194.089
6.97846 -2.47358 26.8539 803.23 113.467
3.59031 -1.71824 17.344 767.398 95.5515
4.69421 -2.89892 17.7784 812.188 59.7197
5.00591 -2.97419 78.5581 653.931 158.257
-1.14747 -5.35102 158.848 603.169 161.243
0.231911 -6.18738 92.2486 609.141 134.369
-5.31667 -5.93495 88.4851 564.351 134.369
-5.42356 0.67305 30.6523 477.758 200.061
-11.3017 -1.48194 29.4154 325.472 146.313
-5.51696 1.26271 22.2562 424.01 226.935
-9.38705 1.66918 15.8331 158.257 253.809
-4.47022 1.74812 10.6691 277.697 313.528
6.19859 -1.40725 18.6589 859.964 128.397
2.21789 0.794497 8.18421 833.09 265.753
2.37654 0.622436 4.4396 1107.8 316.514
-10.6156 -0.978932 21.1861 229.324 146.91
2.94789 0.807764 5.76147 1064.2 297.404
-0.0602958 1.4925 10.3377 605.558 297.404
6.44794 -1.8789 63.6632 698.72 182.742
2.44399 0.499121 9.01853 834.881 225.74
-12.3251 -3.80306 24.8045 240.073 68.0805
0.385102 1.55314 16.4711 634.223 250.823
2.21376 1.15715 26.1709 670.055 218.574
-0.129339 0.695074 42.4003 609.141 193.492
7.2074 -2.63565 28.1876 802.633 114.662
6.16701 -1.60558 60.0645 684.388 161.243
-1.24115 -4.85324 144.071 601.974 161.243
-2.08497 1.4876 17.5929 519.561 247.24
-5.3883 0.264156 50.1784 530.311 189.909
-5.44092 0.760758 30.7504 480.146 193.492
-14.9114 -12.0325 86.3104 458.647 82.4132
-10.8554 -1.43905 28.5641 326.07 146.91
-12.0528 -1.07215 27.3153 275.905 150.494
-11.4252 -3.52922 25.5706 272.322 85.9964
-9.55408 -2.20601 50.8016 469.397 150.494
-12.5316 -0.875278 17.867 78.83 143.327
-8.80141 1.83183 14.5049 154.077 279.488
0.269632 -4.38707 40.3202 609.141 85.9964
-2.94771 1.68892 13.2277 437.148 283.071
-3.28915 1.75215 12.4974 404.9 290.238
-1.23881 1.56693 12.6869 544.644 279.488
0.674059 1.5046 11.061 652.139 290.238
3.32421 -0.274981 5.45817 1150.2 139.744
2.47069 0.449224 4.37664 1135.87 283.071
