-7.00636 0.949352 22.1687 369 217
-12.063 -1.72627 47.3358 421 158
0.775077 -6.43393 35.2478 624 49
-6.62316 0.147366 59.3707 527 186
-11.8256 0.265545 21.7307 198 194
-11.8811 -2.56192 21.6117 194 96
-12.795 -4.09532 19.7295 119 27
0.0422581 -5.29886 37.6337 609.6 79.2
-8.83598 -1.60151 19.7757 271.2 123.6
-11.0485 0.160086 24.0534 264 190.8
-11.9454 0.786175 24.8042 248.4 208.8
-11.8279 -1.25766 25.6725 262.8 147.6
-12.6403 -6.0958 29.9695 296.4 33.6
5.95959 -1.95305 10.0848 1080 32.4
2.24711 0.640976 42.7259 646.8 195.6
2.35726 1.53351 15.5737 724.8 260.4
-1.16991 1.56312 11.9813 536.4 285.6
-0.539197 1.54199 11.3359 571.2 291.6
-4.6096 1.72508 15.5429 381.6 270
-3.26697 1.69226 13.2538 416.4 285.6
-12.1245 -2.58264 23.7362 224.4 102
-11.6952 -1.23891 22.7102 222 144
-13.6186 -2.40496 18.7476 57.6 87.6
-14.1718 -1.08933 19.4717 57.6 140.4
-15.1588 -9.95126 89.1786 485.28 103.68
-17.4191 -14.7574 100.825 483.84 79.2
-4.13503 -5.56934 64.3496 561.6 122.4
-5.93699 -4.75519 65.4649 542.88 132.48
-11.6768 -2.52323 25.117 260.64 109.44
-11.9655 -0.220374 30.3731 315.36 178.56
-12.1137 -5.52768 38.4981 377.28 79.2
-5.85036 1.30589 22.4665 411.84 228.96
-10.7322 0.257772 38.731 404.64 190.08
-12.4426 -4.54735 69.2332 478.08 136.8
-11.7329 -1.6897 29.4705 312.48 142.56
5.9513 -1.93632 10.0708 1080 33.12
0.748414 1.52352 16.3989 645.12 256.32
6.19112 -2.09183 15.7928 908.64 84.96
6.12856 -3.66578 17.4265 876.96 27.36
6.7133 -2.41 25.0297 810.72 112.32
6.5896 -1.39121 61.6736 686.88 168.48
-0.644689 1.52497 14.8572 574.56 263.52
-1.12605 1.5614 12.2289 535.68 285.12
-6.59263 1.66102 19.018 344.16 250.56
-4.57497 1.72794 12.4483 322.56 295.2
-2.76492 1.65658 12.9743 443.52 285.12
-0.0108153 -5.73361 40.323 609.12 79.2
-0.502804 -7.43552 113.205 606.24 136.8
-16.235 -11.6274 61.3619 414.72 46.08
-11.61 0.261373 21.3893 198.72 194.4
-4.38439 1.70645 10.3271 273.6 316.8
-11.9274 0.945965 19.0031 136.8 220.32
-11.8168 0.886781 18.8687 133.92 223.2
-11.6659 -2.52192 21.2742 194.4 96.48
-13.8591 -3.70532 18.8619 51.84 34.56
-12.5391 0.273689 41.1227 385.344 188.352
-13.7291 -8.89402 82.8007 485.568 103.68
-11.3249 -0.227716 73.8795 497.664 183.168
-11.4095 -2.43863 24.6157 260.928 110.592
-10.7639 -3.51892 22.7449 255.744 69.12
-11.2432 -1.00068 44.3611 421.632 167.616
-6.18426 1.20736 32.404 466.56 212.544
-6.69306 0.369005 34.0764 464.832 193.536
-10.0053 -3.99055 135.213 556.416 162.432
-8.66298 -2.44911 69.82 518.4 158.976
5.99939 -1.94242 10.1761 1078.27 32.832
4.30632 0.241033 17.7088 796.608 196.992
0.736047 1.54545 16.635 642.816 255.744
0.746228 1.56839 10.5582 663.552 304.128
6.26093 -1.32182 58.5975 686.016 167.616
-2.16986 1.5264 21.6063 533.952 238.464
-1.10179 1.61716 8.49881 502.848 342.144
-0.587503 1.57621 11.3552 568.512 295.488
-4.39339 1.68155 13.315 354.24 283.392
-2.82228 1.70206 13.3306 444.096 285.12
-18.5844 -16.9034 151.481 520.128 103.68
-20.1128 -12.9526 100.97 464.832 91.584
-20.6207 -17.3174 108.047 470.016 67.392
-16.246 -11.6595 61.0826 414.72 44.928
-8.53607 1.40991 22.1369 317.952 233.28
-11.9255 0.202159 16.5435 60.48 195.264
-12.2462 0.969107 19.468 133.056 224.64
-8.23414 1.73364 13.7274 145.152 283.392
-11.8373 -3.83367 22.9243 221.184 58.752
-11.0542 -3.59683 19.8563 188.352 48.384
-14.052 -2.64956 19.1971 53.568 79.488
-12.6844 -3.95286 19.4339 114.048 32.832
6.24548 -2.06954 12.2731 1007.42 53.568
5.7941 -1.94269 13.2729 946.944 72.576
-6.64489 0.319286 33.8312 464.486 192.845
-12.2018 -4.45937 67.8936 476.928 134.784
-13.0711 -7.06897 83.0109 493.517 122.342
-12.9057 -3.35288 54.511 433.382 138.931
-11.7831 -0.272219 60.8534 466.56 182.477
2.62544 1.26806 28.6794 678.067 219.802
2.23898 0.693703 46.2406 644.89 194.918
0.722478 1.54896 10.4274 661.479 302.746
0.699847 1.47489 12.9638 653.184 275.789
1.46716 -6.88659 36.6116 638.669 45.6192
7.35982 -1.79213 70.7238 686.362 165.888
-2.19688 1.56068 17.3176 512.179 252.979
-0.686207 1.52537 14.8612 586.829 265.421
-0.554848 1.54166 11.3334 568.167 292.378
-4.97543 1.4554 21.0151 437.53 232.243
-5.40402 1.19657 21.0905 412.646 228.096
-3.01807 1.7108 9.54942 352.512 329.702
-2.72298 1.61702 12.9466 443.75 284.083
-16.3644 -15.055 134.916 518.4 103.68
-16.7899 -11.022 98.7744 485.222 103.68
0.0476636 -7.27573 42.4476 609.638 60.1344
-11.7761 0.204751 21.6951 199.066 192.845
-8.21837 1.3326 21.3902 317.261 232.243
-4.43466 1.71621 9.65462 236.39 329.702
-4.47692 1.7326 8.9101 203.213 333.85
-4.47891 1.72958 10.3797 265.421 317.261
-4.52094 1.72465 12.3013 321.408 294.451
-8.10082 1.67899 13.4428 145.152 282.01
-11.2584 -2.44615 21.9213 221.875 101.606
-12.1554 -2.62108 22.1107 194.918 95.3856
-12.5572 -1.28762 23.0162 196.992 141.005
-11.9914 -0.306621 30.5467 315.187 178.33
-13.5798 -1.03985 18.5873 55.9872 141.005
6.3515 -2.09302 12.5157 1007.77 53.9136
5.9855 -1.98779 13.7113 945.562 72.576
-1.05659 1.55136 12.0193 539.966 286.157
-3.03937 1.69457 9.53288 348.365 313.528
-4.39266 1.68208 11.9976 323.482 293.622
-8.25737 1.7186 13.6083 124.416 286.157
-12.027 0.951759 19.1195 129.393 223.949
-12.8253 1.71928 18.506 82.1146 256.297
-14.648 -12.4679 120.764 515.082 99.5328
-11.3244 -1.18681 21.7552 218.972 144.323
2.48874 1.2213 26.7792 679.311 218.972
2.4785 0.790629 52.7014 644.475 196.577
-0.4396 1.58079 11.6211 584.755 283.669
-0.646385 1.57258 11.5607 567.337 291.133
-12.2894 1.48384 23.2977 211.507 231.414
-11.3911 0.179931 22.3614 226.437 191.601
-2.74078 1.65667 13.118 445.409 283.669
-11.3758 -3.73499 22.1499 221.461 59.7197
0.772693 -6.79513 37.5125 627.057 49.7664
-14.1409 -10.587 75.1909 470.293 82.1146
-21.1447 -17.9116 110.793 470.293 69.673
-18.2836 -11.0156 65.3267 403.108 62.208
-5.38696 1.19279 21.0239 413.061 228.925
-4.37602 -5.55853 65.2738 559.872 124.416
-8.35712 1.14898 19.305 278.692 228.925
-11.3001 -0.432314 73.7177 497.664 181.647
-10.0511 -2.54381 53.4442 472.781 149.299
6.04858 -2.00978 11.9188 1007.77 54.743
-13.1652 -0.3068 18.0542 56.7337 170.201
-12.9464 -1.0367 17.6531 56.7337 140.341
-1.27472 1.6604 10.0484 507.617 316.514
-1.02631 1.53938 12.0565 540.463 286.655
-3.31464 1.73342 11.6691 385.192 304.57
0.733973 1.5279 13.596 650.945 274.711
0.279025 -4.83011 41.7247 615.113 101.523
0.0963072 -6.45972 38.3086 609.141 59.7197
-12.5532 -1.3226 23.0678 200.061 143.327
-2.89015 1.63464 11.6593 421.024 289.641
1.66601 -3.55877 35.4251 641.987 110.481
0.768768 -6.86445 37.322 627.057 56.7337
-18.9409 -16.0466 109.634 483.729 80.6216
2.69797 -3.39998 20.6749 713.65 65.6917
-0.357867 1.55576 12.7399 585.253 280.683
-15.9916 -11.2581 79.175 459.842 83.6076
0.144384 0.701816 57.4325 609.141 194.089
5.24817 -3.26445 38.971 704.692 125.411
6.89299 -2.54601 25.6996 812.188 110.481
2.35237 1.17179 26.5019 677.818 220.963
-10.583 -3.44966 22.2973 253.809 68.6776
-11.4748 -3.7364 22.3426 220.963 59.7197
0.593638 -3.63722 39.4867 630.043 119.439
-2.08595 1.46133 17.0025 513.589 253.809
-10.5953 -3.46382 22.3888 262.767 74.6496
-20.7443 -12.395 74.1188 397.136 65.6917
-1.21905 -7.04065 209.005 603.169 158.257
-6.28966 -0.41115 91.9109 558.379 182.145
0.31452 -8.91347 125.108 609.141 134.369
-5.35223 -6.34638 89.0769 564.351 131.383
-8.50016 1.36838 21.9646 313.528 223.949
-5.1965 1.1569 20.3913 415.052 229.921
-11.6207 -1.61491 29.6026 316.514 143.327
-12.4508 -1.25249 27.1064 265.753 149.299
-10.6849 -0.832909 39.3503 409.08 170.201
-10.6258 -2.82556 56.0854 471.786 149.299
-13.9844 -2.69606 18.9607 56.7337 86.5936
-4.5034 1.71796 12.2535 322.486 292.626
6.23319 -2.05423 12.1824 1009.26 56.7337
5.84244 -3.87421 46.2504 705.887 121.828
0.181835 0.783238 72.3296 609.141 193.492
0.635813 1.48689 10.2006 659.305 300.987
0.694763 1.44485 12.5463 648.556 272.322
-0.676161 1.64502 12.0933 562.56 286.655
-0.796918 1.45239 15.4027 566.143 257.989
2.34814 1.22569 26.8755 673.638 218.574
2.072 0.722244 44.0577 641.39 197.075
-4.52258 -4.84635 57.8559 533.894 114.662
-15.2722 -9.85639 90.587 483.73 103.912
7.16384 -2.6421 26.3002 809.799 111.079
-2.88082 1.65517 12.1679 408.483 297.404
6.54938 -2.06488 61.2971 684.388 161.243
-12.2019 1.41264 23.1929 211.408 232.907
-12.2594 0.119204 22.6437 200.658 189.909
-8.08799 1.3359 20.9749 311.737 225.74
-30.4084 -21.0374 146.517 458.647 82.4132
-17.3239 -11.2804 74.9335 440.731 75.2468
-26.6959 -14.6777 90.0147 394.15 68.0805
-2.1829 1.52925 17.7927 515.978 250.823
-9.27156 -2.21637 20.37 257.989 96.7459
-10.553 -3.42981 22.169 250.823 68.0805
-1.5183 -5.937 176.243 601.974 157.66
-11.5729 -1.61398 29.5855 315.32 143.327
-13.1619 -3.35405 68.466 469.397 146.91
-5.34162 0.261867 49.7437 530.311 186.325
-1.08175 1.60542 12.3056 541.06 286.655
6.30743 -1.43318 18.0064 874.296 125.411
