3.01146 -2.18238 15.0535 763 73
-1.62884 1.59119 11.2378 494 296
-7.8557 1.6078 17.0508 261 254
-11.3484 -1.71548 33.136 355 145
-1.06592 1.56289 10.3277 526 304
-4.39911 1.65442 16.1185 397 263
-4.81372 1.73649 10.8751 258 310
-6.67704 0.89098 20.151 359 217
-8.07743 -0.341932 18.5991 278 168
-7.96096 -2.01356 18.2724 277 100
0.761189 -6.16914 32.5566 625 44
-10.987 -1.9881 74.3745 500 164
-7.51192 -2.08653 17.8104 287 94
-5.7996 0.0567213 51.9882 526 185
2.28491 1.44221 15.5237 720 255
6.02654 -3.55632 16.0567 897 19
-4.42238 1.71789 11.147 296 305
-11.6692 1.64694 17.7274 108 254
-11.7801 0.898444 18.0485 111 221
-7.65227 1.62247 11.9275 109 289
-11.3461 -2.44982 19.7394 173 89
-13.6386 -1.11881 17.7872 27 136
-10.2648 -4.05978 50.1307 458.4 123.6
-9.82149 1.46751 16.8024 165.6 249.6
-0.425378 1.56081 10.1278 574.8 306
-0.512906 1.49125 12.2117 574.8 279.6
-11.0904 -2.40843 20.8052 207.6 96
-8.95035 -2.4497 18.1141 232.8 80.4
-8.89209 1.60263 16.5089 204 258
0.0882319 -5.18574 35.0965 609.6 74.4
-15.0782 -9.98178 87.276 483.6 100.8
-5.68381 1.01031 18.7258 378 224.4
-11.302 0.157557 23.6734 250.8 189.6
-11.6496 -5.69825 26.9106 285.6 26.4
-8.08156 -0.521642 18.5492 277.2 163.2
1.53112 -6.74963 34.6039 640.8 39.6
-7.74894 -1.95993 17.7858 277.2 100.8
1.21562 -3.29387 15.6585 669.6 24
-8.07659 -1.27461 18.2465 272.4 130.8
-8.49648 -1.28436 18.3861 256.8 129.6
-7.67367 -3.77977 107.755 556.8 158.4
5.8636 -1.95938 12.441 976.8 62.4
6.22064 -2.06566 14.6707 933.6 75.6
6.20929 -2.03279 11.1365 1048.8 39.6
0.82601 1.48005 18.0992 642 246
6.29785 -0.412111 18.2692 871.2 166.8
3.00702 -2.17916 15.0313 764.4 76.8
-0.817245 1.58792 9.29665 538.8 321.6
-0.00217061 1.51737 8.0927 607.2 337.2
-2.82466 1.63284 8.05147 322.8 348
-4.48891 1.68259 14.2661 366 274.8
-3.03006 1.5814 11.3926 400.8 292.8
-8.52632 1.56155 17.0638 228 253.2
-11.5975 0.248969 20.3742 177.6 192
-12.5768 1.75356 17.0844 45.6 261.6
-12.4756 0.224305 16.4798 32.4 193.2
-11.4556 1.61338 17.3662 108 254.4
-10.658 1.7884 14.8137 54 277.2
-6.03408 1.70456 9.89891 122.4 320.4
-11.4519 -1.22536 21.3719 205.2 139.2
-12.4074 -3.85449 18.0844 85.2 22.8
-13.9344 -0.386765 18.2725 27.6 166.8
-13.553 -1.11381 17.7077 26.4 135.6
-7.12176 0.593955 18.7396 321.12 208.8
-11.4397 0.72564 22.8943 233.28 207.36
-10.7954 0.192637 20.4115 211.68 191.52
-0.800698 1.42755 27.1595 586.08 223.2
-18.2367 -11.9991 91.5518 463.68 89.28
-5.58618 -4.47421 61.5967 541.44 131.04
-8.48731 -3.42375 18.2019 260.64 46.08
-14.1902 -12.9906 96.0584 501.12 86.4
-14.6464 -12.5263 84.7768 482.4 76.32
-17.0279 -25.4731 672.827 588.96 155.52
-11.4008 -4.3431 63.4363 480.96 135.36
-7.32121 -2.71339 18.7163 312.48 74.88
-7.9913 -0.363884 18.4008 277.92 168.48
1.24222 -3.36592 16.0011 675.36 28.8
-5.18946 0.64291 36.1505 501.12 197.28
-5.40111 0.305702 78.9266 560.16 182.88
-13.5169 -15.8614 418.952 580.32 152.64
-8.59168 -1.58997 18.3709 253.44 118.08
6.01889 -1.82775 10.0901 1082.88 41.76
5.80286 -1.9277 12.2398 977.76 61.92
5.98439 -1.97409 10.7331 1049.76 40.32
4.18318 0.21678 15.9269 810.72 195.84
0.683483 1.28199 15.9484 640.8 246.24
2.01332 0.50761 37.2943 648 194.4
0.241973 1.52442 8.78187 632.16 324
0.781559 1.51586 12.003 659.52 283.68
6.10456 -1.33356 55.684 689.76 165.6
-0.631825 1.49966 13.6834 573.12 269.28
-1.12265 1.55172 11.1787 527.04 298.08
-6.66954 1.64169 18.2165 331.2 250.56
-5.76911 1.25809 21.1382 408.96 230.4
-2.91993 1.66972 8.29017 326.88 345.6
-4.43753 1.67071 14.1654 365.76 275.04
-3.02158 1.60115 11.4204 401.76 292.32
0.088495 -5.2012 35.2011 610.56 74.88
-15.8136 -11.3954 58.8414 411.84 41.76
-11.7423 0.252076 20.6284 178.56 192.96
-4.32165 1.69125 9.29596 247.68 324
-4.41192 1.69836 11.1207 296.64 303.84
-12.5069 1.72018 16.9894 47.52 260.64
-12.8011 0.206255 16.8787 31.68 192.96
-10.2239 1.524 17.4492 165.6 249.12
-11.1801 1.70852 17.351 108 250.56
-11.5326 0.854988 17.6693 110.88 220.32
-5.99415 1.6796 9.83341 123.84 319.68
-8.43899 1.77098 13.1538 109.44 288
-11.5097 -3.80127 21.4798 204.48 50.4
-13.8217 -2.62885 17.9609 27.36 80.64
-10.6837 -3.53951 18.4089 168.48 38.88
-13.7239 -0.38023 17.9637 27.36 167.04
-13.5728 -1.06416 17.7014 27.36 138.24
2.28222 0.78837 6.24254 918.72 292.32
-7.91395 -1.97011 18.1067 276.48 100.224
-14.11 -9.49373 83.0088 483.84 101.952
-11.6245 -5.36376 36.3013 371.52 74.304
-7.57838 -2.12299 17.9089 286.848 93.312
0.383418 -7.04712 152.514 609.984 152.064
-12.3228 0.154417 39.8676 378.432 188.352
-5.55743 0.928736 21.0049 406.08 221.184
-10.7724 0.253643 38.1106 399.168 188.352
-11.4302 -1.11824 44.1298 418.176 165.888
-7.87543 -0.358608 18.134 278.208 167.616
-5.50748 0.669336 37.6365 501.12 196.992
-7.18777 -3.25962 100.932 556.416 160.704
-8.13926 -1.28855 18.446 274.752 131.328
-8.5208 -1.30975 18.3834 255.744 129.6
-8.61647 -1.58983 18.3693 252.288 119.232
6.32963 0.200663 10.4646 1083.46 203.904
6.08868 -1.83904 10.231 1081.73 41.472
6.0428 -2.01926 12.8212 976.32 62.208
2.27567 0.780418 6.2484 915.84 297.216
0.730637 1.54205 9.41138 672.192 317.952
0.766508 1.51913 12.0289 658.368 283.392
6.38352 -1.4755 58.2286 689.472 165.888
-2.03945 1.45096 19.7603 525.312 236.736
-1.11198 1.55856 11.228 530.496 295.488
-2.45084 1.60915 8.8447 385.344 331.776
-3.32075 1.71851 9.97998 342.144 321.408
-3.11348 1.63348 11.7678 393.984 297.216
-2.6687 1.59586 11.6131 428.544 293.76
-15.5223 -14.6363 127.973 520.128 101.952
-9.57315 -3.92076 70.0837 509.76 143.424
-3.96427 -5.42517 61.6922 561.6 120.96
-10.6241 -4.30124 39.5313 411.264 101.952
-13.6473 -11.7595 71.5084 468.288 65.664
-14.7941 -10.8139 55.0479 411.264 41.472
-4.36755 1.68584 10.7451 286.848 309.312
-4.37801 1.6853 11.0352 297.216 304.128
-12.7171 0.204526 16.7372 32.832 193.536
-12.0788 0.891678 18.4275 110.592 221.184
-8.16497 1.71347 12.7266 108.864 288.576
-8.87632 -2.03483 18.7014 247.104 103.68
-10.1097 -3.33598 20.6348 240.192 62.208
-11.9801 -3.94638 22.2997 203.904 50.112
-11.7402 -1.29973 24.4486 248.832 145.152
-11.4642 -0.283109 28.2044 305.856 177.984
-11.5736 -1.69435 28.184 302.4 138.24
-11.3418 -2.4489 19.732 174.528 89.856
-11.3076 -3.70136 19.3909 167.616 39.744
-12.333 -0.280886 62.791 466.56 180.403
-13.4854 -5.26449 73.8916 485.222 134.784
-13.7218 -7.59619 86.3799 493.517 118.195
-8.13596 -1.27039 18.5556 273.715 130.637
-25.927 -14.9193 77.5951 364.954 45.6192
-9.56845 -2.26735 67.3074 505.958 159.667
6.21949 -2.07219 13.1572 976.666 62.208
2.03205 0.484963 39.6866 646.963 194.918
0.730141 1.55409 9.40499 671.846 317.261
0.345174 1.53114 8.61349 630.375 323.482
0.762623 1.51143 11.9679 657.331 282.01
5.83391 -1.49652 53.2152 688.435 163.814
-2.09372 1.46889 15.8109 505.958 257.126
-0.760956 1.56488 9.08776 541.21 321.408
-1.07341 1.54123 10.993 530.842 294.451
-0.553081 1.54925 10.1444 564.019 304.819
-5.73187 1.25637 21.1093 406.426 228.096
-6.13752 1.16429 31.248 462.413 211.507
-2.74834 1.68175 9.53539 385.69 329.702
-2.70143 1.64173 11.8272 429.235 292.378
-14.4563 -13.3255 116.512 518.4 101.606
-13.9508 -9.38658 82.0719 485.222 101.606
-10.4393 -4.33451 38.8439 410.573 101.606
-18.7095 -13.4399 68.9033 410.573 41.472
-11.1242 -0.232833 32.0904 348.365 178.33
-15.8552 -4.29763 65.4311 431.309 136.858
-8.38944 1.17754 18.4884 263.347 230.17
-8.11929 0.479317 18.343 275.789 203.213
-4.42933 1.71584 9.35955 226.022 331.776
-4.33559 1.67485 10.9667 296.525 302.746
-11.7474 1.64753 17.7338 105.754 259.2
-11.6169 0.925649 17.6107 105.754 223.949
-11.6659 0.954155 17.685 109.901 219.802
-9.17329 1.62188 13.591 93.312 273.715
-9.19569 1.80655 12.6347 41.472 294.451
-7.75188 1.64004 12.0566 107.827 288.23
-11.2834 -2.46054 21.0029 205.286 95.3856
-11.7076 -1.26587 24.4516 248.832 145.152
-11.4921 -0.283796 28.2729 306.893 176.256
-11.5756 -2.5274 20.1388 174.182 89.1648
-10.808 -3.5636 18.5342 167.962 39.3984
5.96662 -1.97315 10.728 1049.24 39.3984
-8.16101 0.460473 18.6127 276.204 201.554
-8.21586 0.445206 17.9956 261.274 191.601
-12.9308 -5.88666 174.749 557.384 159.253
-8.62745 -3.69624 90.9464 539.966 154.276
4.20908 0.195829 16.0255 811.192 194.089
-11.7524 0.195329 20.6969 179.159 191.601
-12.1905 -1.31085 21.3117 176.671 136.858
-4.50852 1.71372 11.3244 296.11 303.575
-11.9086 1.61672 17.9394 104.509 248.832
-12.8827 1.75416 17.5663 49.7664 261.274
-12.3178 0.973288 18.517 104.509 223.949
-13.3086 1.7937 18.2161 62.208 263.762
-2.06622 1.60825 10.8265 450.386 301.087
-2.67292 1.63436 11.7741 430.479 291.133
-1.03373 1.52778 10.8971 534.989 296.11
-2.13979 1.6152 11.636 475.269 296.11
-2.89252 1.64169 10.6526 395.643 306.063
-3.31132 1.70693 9.99344 343.388 320.993
-4.46202 1.69223 14.1806 368.271 273.715
0.713872 1.5494 9.53723 669.358 316.017
-13.5385 -12.6608 105.564 515.082 97.0445
-14.3346 -9.64482 84.3299 485.222 102.021
-0.123364 1.53448 8.70035 597.197 325.97
-0.631638 1.48018 13.6794 587.244 271.227
-0.593194 1.56124 10.6094 552.407 298.598
0.544574 -0.341416 3.59783 763.914 97.0445
1.435 -6.53125 33.4843 629.545 52.2547
0.737516 1.47863 15.2316 646.963 258.785
2.47295 1.17992 25.1061 681.8 218.972
2.19262 0.642425 42.8225 646.963 194.089
3.61094 -1.47187 15.2864 791.286 109.486
4.58324 -2.7904 15.0575 836.076 52.2547
-18.4877 -13.9091 96.871 470.293 79.6263
-11.3046 1.30637 20.5112 194.089 233.902
-8.85281 -2.44792 17.9167 238.879 84.6029
-12.0117 -3.92567 22.3585 204.042 52.2547
-4.75197 1.5519 24.3663 465.316 231.414
-5.83245 1.285 21.5903 405.596 228.925
-6.46139 0.306133 32.4374 462.828 191.601
-0.153244 -6.3229 92.3537 609.638 131.881
-3.51698 -4.46736 52.4602 559.872 121.928
-10.4244 -0.398809 68.0045 495.176 179.159
-11.5858 -2.50765 20.2054 176.173 89.5795
4.18599 0.192713 15.7705 812.188 194.089
-2.72299 1.64166 12.0686 429.982 301.584
-2.70091 1.62497 11.8249 432.968 292.626
-11.805 -1.22388 20.8405 179.159 137.355
6.05986 -2.03095 12.8954 976.417 62.7057
-11.5909 1.60123 17.4974 104.509 253.809
-11.7441 0.842048 17.9169 110.481 220.963
0.284224 -4.2197 35.1833 615.113 95.5515
-1.0457 1.54547 11.0232 534.491 295.612
-3.131 1.64031 11.4721 403.108 298.598
-3.11088 1.63507 10.0646 361.304 316.514
-2.91112 1.62266 11.2393 397.136 292.626
-0.549196 1.53837 10.0731 561.365 304.57
0.709992 1.55418 9.48538 668.861 316.514
0.71391 1.43059 11.7149 656.917 280.683
0.718629 1.44087 15.2805 644.973 259.781
-2.11009 1.50254 15.9345 507.617 256.795
-8.96482 1.16513 19.5764 280.683 229.921
-8.12647 0.381177 18.5339 283.669 206.033
2.3336 1.16281 24.0308 680.805 217.977
5.74456 -3.57321 42.6571 710.664 119.439
3.56983 -1.44659 15.0239 791.286 107.495
-5.44687 0.92625 17.6221 376.234 223.949
-10.9215 -0.184025 31.3797 352.346 191.103
-9.42711 1.01857 20.4616 259.781 229.921
-11.1171 0.168693 20.9646 209.019 191.103
-11.4848 -1.21549 24.1265 250.823 146.313
-11.4523 -1.2128 21.1528 200.061 140.341
-9.13419 -2.34642 18.6968 241.865 89.5795
-11.4001 -2.47957 21.1653 200.061 86.5936
-9.99726 -3.30847 20.2901 238.879 62.7057
-12.0686 -3.93408 22.4064 200.061 56.7337
-16.9319 -9.68385 57.9067 406.094 59.7197
6.02428 -3.76018 92.5198 662.889 137.355
-0.839241 -5.44755 143.888 606.155 158.257
-7.35858 -0.178229 105.389 558.379 182.145
0.296319 -8.39768 117.869 609.141 131.383
-6.93924 -1.0704 62.9894 528.519 170.201
-6.47263 0.399862 32.7224 468.8 179.159
-9.42258 -2.5056 49.7345 468.8 146.313
-5.32117 1.21224 19.9027 406.094 229.921
-4.33134 1.64272 10.956 298.598 301.584
-7.83805 1.64131 12.1906 103.912 290.238
-11.5461 1.65734 17.3207 107.495 257.989
4.41053 0.20412 16.704 809.799 193.492
0.195664 1.28376 15.9704 616.307 247.24
0.124313 0.604253 49.4486 609.141 193.492
-0.559582 1.52463 10.2636 558.976 304.57
-2.75375 1.65003 12.1301 429.982 290.238
0.171729 1.46585 10.4553 634.223 286.655
0.737003 1.52858 12.3764 655.722 283.071
0.729727 1.46312 15.5165 641.39 257.989
2.0128 0.70161 42.799 648.556 193.492
1.75833 -3.91201 37.3881 641.39 111.079
0.388368 -4.1893 35.7594 616.307 96.7459
-8.50786 -1.86318 18.8071 265.155 103.912
-9.8808 -2.51725 20.2828 240.073 89.5795
-11.3643 -1.22015 20.7769 179.159 139.744
6.63237 -2.43575 23.2791 820.549 103.912
3.51675 -1.47489 14.8877 788.3 107.495
3.56198 -2.01828 15.0792 788.3 78.83
-19.5931 -12.9706 113.409 483.73 103.912
-15.7062 -13.3047 82.2967 483.73 78.83
-8.06118 0.566123 18.6814 283.071 207.825
-11.0847 -1.60701 27.3645 304.57 139.744
-1.19123 -5.4275 138.277 601.974 157.66
-4.37074 -5.48616 72.7421 562.56 128.995
-17.6159 -12.1505 85.4512 458.647 78.83
-17.6952 -12.242 85.2607 440.731 71.6636
-9.73284 1.74582 17.4828 186.325 261.572
-12.157 0.112983 21.462 179.159 189.909
-4.41804 1.65424 11.1361 297.404 300.987
-2.926 1.66924 10.8314 404.9 297.404
-1.03014 1.54513 11.0208 533.894 293.821
4.635 -3.04313 34.066 709.47 111.079
6.18613 -1.39615 16.6672 895.795 125.411
