-10.7855 -4.4553 52.3186 456 121
-7.4878 0.793118 19.1422 310 216
-11.8047 -11.3314 85.5495 506 87
-3.73157 -5.08451 60.699 562 122
-8.0526 -2.0782 17.5311 257 93
0.0881404 -5.42422 35.0601 609.6 69.6
5.68365 -3.21124 38.9833 715.2 123.6
-8.66175 -1.38649 17.7297 235.2 124.8
-11.1226 -0.0482587 28.5359 318 182.4
-8.08135 -0.422628 17.6472 258 165.6
-14.6946 -10.0828 85.0555 481.2 97.2
-13.2061 -12.5501 94.75 500.4 82.8
-18.3095 -16.1191 105.133 481.2 73.2
-4.41623 1.69989 10.2015 262.8 315.6
-11.432 -1.76536 43.4368 412.8 152.4
-11.3893 -2.09332 59.677 468 158.4
-6.10532 0.964718 30.4373 458.4 207.6
0.844236 -6.69501 34.0808 625.2 37.2
-6.22503 -0.0165375 55.1145 524.4 182.4
6.29024 -2.12789 13.8787 957.6 66
-0.512739 1.44871 11.1044 572.4 286.8
-6.57169 0.84159 19.034 344.4 217.2
-3.11144 1.60359 10.7952 380.4 302.4
-10.579 -4.41163 50.973 456 121.2
-8.36912 1.2914 19.8428 289.2 234
-4.84217 1.73035 9.9682 219.6 322.8
-11.1608 1.53785 16.0719 76.8 256.8
-11.4288 1.67302 15.2653 33.6 267.6
-11.7497 0.185296 19.6338 153.6 190.8
-11.09 -2.47232 19.9207 187.2 90
-11.7592 -2.60579 19.4687 148.8 81.6
-12.1934 -5.88173 28.7206 290.88 31.68
-18.7502 -12.5114 93.4767 462.24 84.96
-5.94453 1.00594 18.6448 365.76 224.64
-15.8528 -10.8775 91.7596 482.4 97.92
-15.7569 -14.7216 106.664 499.68 83.52
-17.2158 -15.0187 98.8531 480.96 73.44
-5.57132 -4.71869 61.4328 537.12 129.6
-5.54503 0.615336 37.5362 498.24 195.84
-5.40094 0.514538 28.9322 476.64 197.28
-8.51493 -1.61589 17.2816 231.84 113.76
-11.4344 -1.82337 32.5928 347.04 141.12
0.813451 -6.8347 34.7919 624.96 38.88
-11.5599 -0.424024 58.4413 462.24 178.56
3.45353 -4.43553 31.5021 688.32 80.64
-11.5306 -1.89248 43.5812 413.28 152.64
-15.1262 -23.8136 566.544 586.08 154.08
-6.28048 -0.0928933 54.9289 522.72 181.44
6.17437 -2.07393 12.0021 1012.32 48.96
2.09271 0.450485 36.8651 649.44 192.96
0.273211 1.52848 7.91702 633.6 344.16
6.32644 -0.460818 17.2391 887.04 165.6
6.06303 -1.49826 53.2771 691.2 164.16
-1.06817 1.56272 9.45726 516.96 316.8
-4.57551 1.69621 13.5806 347.04 280.8
0.139216 -5.51549 35.65 610.56 70.56
-16.4798 -12.1138 60.3824 408.96 37.44
-11.166 0.163021 20.2598 191.52 190.08
-8.11372 1.28298 19.3009 289.44 234.72
-11.8842 0.831434 17.1825 80.64 221.76
-11.7864 0.186308 19.741 154.08 191.52
-6.17175 1.70528 9.16288 64.8 335.52
-11.6409 -2.57246 20.9626 187.2 90.72
-11.6254 -3.89872 20.727 182.88 41.76
-11.7654 -0.0385329 22.7849 220.32 184.32
-11.5208 -1.32385 20.5916 184.32 135.36
-11.3807 -3.81478 18.6276 144 28.8
-1.05662 0.662773 44.1789 590.976 195.264
1.54469 -6.88441 33.8465 637.632 36.288
-12.6904 0.154167 39.8031 374.976 186.624
0.530006 -9.74137 210.823 609.984 148.608
-4.6769 -5.71278 123.636 585.792 155.52
-15.3758 -10.4264 88.9986 482.112 98.496
-11.9825 -5.6422 36.4691 364.608 69.12
-12.1587 -0.199287 44.5499 400.896 184.896
-11.7964 -1.26048 44.8216 412.992 162.432
-8.89832 -3.82563 65.1434 506.304 139.968
-8.13197 -2.75485 65.5402 516.672 153.792
6.04091 -2.01822 11.7746 1010.88 50.112
0.799827 1.50965 11.0981 663.552 292.032
0.702574 -3.47395 34.1084 634.176 110.592
6.70954 -0.26988 46.0196 713.664 179.712
-5.15221 0.523227 34.8771 497.664 195.264
-0.612739 1.50142 12.882 570.24 274.752
-18.498 -17.4541 150.777 518.4 98.496
-12.257 -6.03923 34.1258 342.144 51.84
-16.4594 -14.2154 85.0041 466.56 60.48
-11.6207 0.676521 22.3244 216 207.36
-10.9806 0.15991 19.8731 190.08 190.08
-3.27814 1.67848 8.88603 309.312 338.688
-4.36657 1.68283 9.77275 262.656 316.224
-11.9317 0.85876 17.2513 79.488 221.184
-8.33024 1.71865 12.0199 63.936 297.216
-11.763 -3.93511 20.9205 183.168 41.472
-11.6096 -1.29982 23.2343 233.28 141.696
-11.3574 -3.7725 18.5471 145.152 32.832
-11.697 -1.31099 19.5458 153.792 133.056
-12.0565 -1.34986 24.1288 232.243 141.005
-8.70991 -1.62372 17.6275 230.17 111.974
-6.16863 1.09547 30.5411 456.192 209.434
-6.75342 0.263601 32.7596 454.118 190.771
-11.4398 0.152992 39.4998 393.984 186.624
-14.1758 -9.76999 83.3956 483.149 97.4592
-18.7566 -16.3629 107.701 481.075 72.576
-11.5639 -1.7454 32.8318 342.144 132.71
-10.6786 -0.175924 39.327 400.205 184.55
-7.95859 -3.92011 111.756 555.725 157.594
-9.2019 -2.84713 72.5369 516.326 153.446
-11.7617 0.884935 16.8361 78.7968 219.802
8.02504 -2.18269 23.0011 870.912 111.974
-3.32277 1.70133 9.007 319.334 329.702
-4.3853 1.67929 10.1627 261.274 315.187
4.7216 0.204509 16.7358 825.293 194.918
-8.3919 1.7279 12.0846 72.576 294.451
6.17348 -2.06251 12.033 1009.84 49.7664
-1.09134 1.55211 10.1631 522.547 304.819
0.764704 1.55501 8.48227 680.141 333.85
0.784192 1.50927 11.0953 663.552 292.378
-11.6181 -2.58047 19.2794 149.299 82.944
-2.71129 1.63084 10.8767 410.573 302.746
0.789621 1.44708 13.9099 649.037 263.347
2.5332 1.13249 23.4041 686.362 217.728
-0.432995 1.57561 9.37736 572.314 319.334
-2.19314 1.54055 15.4272 497.664 261.274
-16.1529 -15.6014 133.172 518.4 99.5328
-5.48919 1.1673 19.6127 393.984 230.17
-10.9036 -2.44578 19.4885 184.55 89.1648
-11.8173 -0.321277 28.111 294.451 174.182
-8.51802 1.30576 20.0635 288.23 234.317
-8.17747 0.437789 17.6958 255.053 201.139
5.86469 -1.44925 51.5342 690.509 161.741
0.779825 -6.59857 33.3537 620.006 43.5456
-5.6879 1.50362 23.6082 423.014 232.243
0.834263 -8.68255 213.635 607.565 153.446
-3.26792 -4.6137 50.8557 559.872 118.195
-10.324 -0.381369 52.5624 462.413 178.33
-10.2774 -2.65746 54.2466 466.56 145.152
-14.1643 -3.97907 58.1192 429.235 132.71
-7.98119 -4.16858 114.306 554.895 156.764
-7.16518 -0.104705 61.9132 517.571 174.182
-8.5256 -3.90265 89.8728 539.966 151.788
-7.73988 1.59046 11.1234 62.208 296.11
-4.38346 1.64502 10.1258 263.762 313.528
-4.45866 1.6775 11.7321 308.552 296.11
7.69984 -2.30602 22.3362 873.4 111.974
-12.0906 0.163327 20.2978 154.276 191.601
6.2298 -2.08133 12.1427 1010.26 49.7664
0.748422 1.54576 8.43177 666.87 325.97
0.75957 1.47598 10.9627 661.893 291.133
0.764821 1.45416 14.1674 649.452 263.762
-1.07265 1.51164 9.98906 522.547 303.575
-2.8585 1.62711 9.68388 363.295 316.017
-11.7342 -2.60626 19.4721 149.299 82.1146
-2.72856 1.63512 11.0074 413.061 301.087
-10.5236 1.54617 15.0638 74.6496 251.32
-11.3919 -1.30256 20.2604 181.647 136.858
-15.6427 -10.653 92.0252 485.222 99.5328
2.67354 1.18756 26.0393 686.776 218.972
2.19184 0.49614 40.6012 646.963 191.601
-11.4186 -0.349378 27.2527 296.11 174.182
-11.9796 -1.85334 28.217 291.133 136.858
-13.592 -9.75381 64.1994 450.386 72.1613
-8.10944 1.27388 19.1639 288.645 233.902
-14.4348 -4.03206 58.8932 430.479 134.369
0.243993 -7.3198 97.0545 609.638 129.393
-3.70351 -4.93484 55.2425 559.872 116.951
-4.12575 1.32844 20.8578 457.851 231.414
-6.03066 0.240254 29.8581 455.363 189.112
-12.1087 -0.670843 77.5841 495.176 176.671
-9.40457 -4.00251 68.1554 512.594 139.346
-9.01555 -3.63763 66.6807 507.617 144.323
4.29903 0.184388 15.0892 827.118 194.089
-11.6894 1.35184 20.3367 173.187 232.907
0.388401 -4.48815 35.7625 615.113 92.5655
-11.9605 0.898106 17.0867 71.6636 223.949
-11.9669 0.837219 17.3021 80.6216 220.963
0.128119 0.410072 50.9626 609.141 191.103
8.34814 -2.28562 23.7379 871.907 113.467
6.81929 -2.59034 22.9276 836.076 98.5375
5.43814 -3.50258 38.025 713.65 116.453
-12.0527 -8.37529 71.4906 483.729 98.5375
-0.608349 1.56436 9.46717 546.435 313.528
-2.11141 1.49167 15.1488 501.645 259.781
-0.60238 1.56996 9.58172 558.379 316.514
-0.416017 1.536 10.2442 585.253 292.626
0.767144 1.50552 11.2989 662.889 289.641
0.755053 1.41613 13.9864 647.959 262.767
-11.7818 -2.62897 19.6418 149.299 80.6216
-2.66264 1.5896 10.8021 412.066 301.584
-11.2008 -1.68709 26.822 292.626 134.369
-2.37691 1.46862 20.7884 522.547 235.893
-11.7751 -1.34712 19.6763 155.271 134.369
-12.0016 -1.35141 20.1485 149.299 131.383
-8.7142 -2.90831 16.9674 220.963 56.7337
6.04663 -1.56812 53.133 689.762 158.257
-5.58174 1.1811 19.8448 394.15 229.921
-8.09932 0.386005 17.5796 262.767 203.047
-11.4833 0.745844 22.5424 217.977 203.047
-0.300359 -6.85312 181.013 606.155 155.271
-6.50708 -0.425363 95.0882 558.379 179.159
0.379385 -11.3815 150.91 609.141 128.397
-3.5636 -5.10829 55.4571 561.365 125.411
-9.85817 -2.81789 51.6543 465.814 143.327
-7.48368 -1.43788 67.9315 528.519 170.201
-11.223 -0.270182 31.247 340.402 176.173
-4.46808 1.69114 10.3213 265.753 313.528
4.19533 0.180823 14.7975 839.062 188.117
0.772545 1.50029 11.3784 659.305 290.238
0.715368 1.43404 13.9714 644.973 261.572
0.420485 -4.25946 34.3206 616.307 93.1627
3.55305 -2.1069 14.1263 802.633 71.6636
0.106909 0.4605 42.5257 609.141 189.909
6.82462 -2.47627 23.0533 834.881 96.7459
6.89397 -2.66341 23.2876 834.881 85.9964
5.42917 -3.97208 37.9622 709.47 103.912
7.11102 -0.442853 51.2167 709.47 179.159
1.10111 0.210046 19.3971 644.973 193.492
-22.7578 -15.0657 131.727 483.73 100.329
-14.4882 -12.5077 83.861 483.73 75.2468
1.73187 -3.85313 36.8254 641.39 107.495
-11.2021 -1.27455 19.8248 179.159 136.161
-12.0989 -1.38095 20.1704 154.077 132.578
-18.5235 -14.341 97.0583 455.064 75.2468
-16.4007 -11.2039 70.5157 437.148 68.0805
-5.47622 1.19175 19.5664 394.15 229.324
-11.5681 -1.27004 23.2809 232.907 143.327
-8.63274 1.10721 20.0059 283.071 225.74
-11.8106 -1.79437 27.9104 293.821 136.161
-4.83479 -6.12101 76.9041 562.56 125.411
-6.5604 0.0633718 58.0837 526.728 182.742
-5.57064 0.444369 29.6206 465.814 197.075
-12.8572 0.11363 21.5848 154.077 189.909
-11.2644 1.54219 17.1124 103.912 250.823
-2.74622 1.61488 11.0787 412.066 300.987
-2.86877 1.57822 10.1491 376.234 300.987
-1.00259 1.51752 9.84686 526.728 304.57
