-7.61687 1.19927 17.3167 273 235
-8.08756 1.58157 15.6204 211 260
-9.17986 -2.68876 16.4896 184 56
-7.5821 0.785381 18.3397 290 213
-5.23005 1.15015 18.0585 388 232
-5.83568 1.22739 18.4646 369 234
-11.5352 -0.0310804 18.3782 131 180
-13.515 -13.1174 96.0081 506 84
3.21559 0.944909 14.8359 775 234
0.779611 1.47921 9.86544 671 304
-1.93604 1.56803 9.65188 447 314
-6.11639 1.48105 15.2565 300 257
-4.41773 1.65609 10.6499 279 306
-11.4729 1.55628 15.5848 44 258
-6.79363 0.820428 18.5554 330 216
-10.9058 -4.63198 51.8522 454.8 117.6
-8.86281 -2.31787 16.6263 205.2 75.6
-8.41701 -2.74277 15.8729 202.8 49.2
-9.14165 -2.58272 16.5449 187.2 61.2
-7.69679 0.742965 18.5547 294 213.6
-3.78671 1.52168 16.3792 430.8 254.4
-5.45034 1.10383 18.1227 379.2 229.2
-2.1743 1.55406 9.4048 422.4 316.8
-1.06435 1.52645 8.39011 510 326.4
-3.92572 -5.4913 62.4442 561.6 118.8
5.80268 -3.34874 38.6922 718.8 121.2
-7.93842 -2.73369 16.4838 240 54
-15.4613 -10.8083 88.0749 481.2 93.6
-14.6069 -12.989 83.208 481.2 69.6
-11.0566 -2.16185 57.1016 466.8 156
-17.7719 -25.3384 602.82 585.6 152.4
-11.9073 -2.02625 43.8523 409.2 148.8
-5.96416 0.870854 28.7371 450 208.8
0.762441 -6.34607 30.7789 625.2 32.4
-8.50016 -1.37521 16.4173 212.4 117.6
-5.86447 -0.226683 50.674 523.2 180
-10.2336 -6.85191 243.649 578.4 163.2
6.28182 -2.13477 12.8724 990 56.4
6.31405 -0.549313 12.65 999.6 153.6
0.817947 1.39522 15.9748 648 252
0.586693 1.49635 7.69512 669.6 345.6
-2.13302 1.43924 18.8851 523.2 241.2
-0.611703 1.38394 15.5971 579.6 253.2
-1.04408 1.52555 8.32154 505.2 333.6
-0.500721 1.43395 10.2278 568.8 296.4
-5.31253 1.13731 18.2556 387.6 231.6
-2.68264 1.60235 9.77941 387.6 314.4
-3.09069 1.58871 9.77917 358.8 313.2
-4.42609 1.62937 12.2283 325.2 286.8
-2.07993 1.56517 9.63427 436.8 314.4
-14.8899 -11.1352 54.0063 406.8 31.2
-8.65216 1.52275 15.4644 177.6 256.8
-7.86487 1.20582 17.7682 271.2 232.8
-8.11961 1.09023 18.7563 278.4 225.6
-4.45326 1.70012 9.2738 223.2 328.8
-4.7563 1.67594 8.80772 172.8 336
-4.43099 1.65173 10.7178 282 304.8
-10.8233 -0.12035 26.9037 308.4 180
-11.4474 0.145787 18.1179 128.4 187.2
-8.30598 0.428405 16.3946 221.76 203.04
-8.57641 -2.83207 16.2587 203.04 48.96
-8.91317 -3.03576 16.5054 197.28 41.76
-5.46529 0.852435 18.6912 387.36 217.44
-11.1838 0.128563 19.317 169.92 185.76
-14.3914 -13.5963 95.6192 499.68 79.2
-16.6575 -14.696 94.143 480.96 70.56
3.51671 -4.57897 31.2845 692.64 76.32
-11.6882 -0.580873 57.8688 460.8 177.12
-11.1292 -2.17604 57.4764 466.56 155.52
-7.67413 -1.78379 16.6066 260.64 95.04
-7.69824 -2.40785 16.6088 253.44 72
-11.2642 -1.91418 31.1206 338.4 138.24
-11.3844 -1.94725 42.1425 408.96 149.76
-8.50394 -1.39867 16.4246 211.68 118.08
-6.73187 -0.333121 56.8034 522.72 180
-8.30753 -5.56233 197.793 577.44 164.16
6.2517 -2.15588 14.3211 946.08 69.12
6.01644 -2.02952 10.7104 1054.08 37.44
4.60927 0.207057 15.2126 845.28 195.84
0.835142 1.40896 15.8792 646.56 252
2.90088 0.470743 49.8793 652.32 191.52
0.768804 1.47107 9.90301 671.04 303.84
3.30445 -0.466228 12.7844 809.28 158.4
6.58652 -0.475867 16.9215 905.76 164.16
-2.09784 1.43315 18.8052 522.72 241.92
-1.05318 1.51041 8.30199 506.88 326.88
-1.53839 1.51632 11.2623 499.68 289.44
-5.51857 1.11765 18.3496 380.16 230.4
-6.72305 0.811905 18.3626 329.76 216
-2.69624 1.58875 9.7794 388.8 313.92
-3.063 1.59498 9.73442 355.68 313.92
0.0840637 -5.40592 33.4385 612 64.8
-15.6151 -11.6189 56.3524 407.52 31.68
-11.2706 -0.1317 29.441 324 180
-8.94652 1.17302 18.4175 239.04 230.4
-4.43686 1.67963 9.37546 223.2 328.32
-4.71893 1.67925 8.76109 172.8 336.96
-11.6488 1.55227 15.7642 41.76 257.76
-8.40866 -1.62279 16.1538 208.8 105.12
-11.3113 -0.0355149 21.0004 203.04 181.44
-11.0581 -2.50578 18.918 165.6 82.08
-11.9225 -4.04384 20.1569 161.28 30.24
-11.4465 0.120573 18.1165 128.16 187.2
-9.05339 -0.560398 35.918 423.36 171.072
-12.5369 -1.4911 46.1708 409.536 158.976
-8.56894 -2.80007 16.075 202.176 48.384
-8.74743 -2.9497 16.4099 200.448 43.2
0.800725 -7.01363 34.2476 625.536 32.832
-5.38211 0.813856 18.4067 383.616 221.184
-11.2244 -6.84181 70.0453 490.752 114.048
-9.9449 -4.07866 54.0797 473.472 127.872
-11.3355 0.631237 20.8301 196.992 205.632
-11.2517 0.129033 19.3876 169.344 186.624
-14.9819 -10.4371 86.0258 482.112 95.04
-7.83549 -1.96287 17.1624 260.928 95.04
-8.2222 -1.83891 16.6875 231.552 98.496
-6.9576 -4.65848 165.652 577.152 164.16
-11.3936 -1.84859 31.478 338.688 138.24
6.27611 0.283923 13.8052 962.496 202.176
6.03052 -2.02924 10.709 1054.08 38.016
6.3188 -2.15347 12.9852 990.144 57.024
6.43081 -0.870355 11.9822 1028.16 129.6
0.779043 1.49066 10.0349 670.464 304.128
0.816885 1.43633 13.1055 654.912 271.296
6.57427 -0.476686 16.9506 905.472 164.16
6.5922 -0.387262 44.7875 715.392 177.984
-5.46669 0.489847 35.9892 495.936 195.264
-0.42051 1.53521 8.12754 566.784 340.416
-5.29843 1.1289 18.1205 380.16 231.552
-2.68961 1.59288 9.80484 388.8 314.496
-4.47062 1.62234 12.3041 324.864 286.848
-16.5583 -16.1912 133.453 520.128 96.768
0.129307 -5.30715 33.1124 611.712 65.664
-19.581 -17.3652 99.6927 466.56 57.024
-5.88988 1.24125 15.4416 316.224 245.376
-7.87023 1.20664 17.7803 271.296 235.008
-4.461 1.67723 9.28992 222.912 328.32
-11.9072 1.66334 16.2054 41.472 257.472
-11.5052 0.780938 15.6879 44.928 219.456
-11.1498 1.32369 18.3751 146.88 236.736
-11.5829 0.147837 18.3728 129.6 188.352
-4.72081 1.66773 8.76458 172.8 336.96
-6.16644 1.63772 10.2565 127.872 304.128
-8.43227 -1.6187 16.113 209.088 105.408
-10.8324 -0.119624 26.7415 307.584 179.712
-11.7261 -2.65713 20.0607 165.888 81.216
-11.5 -0.0564739 18.3223 131.328 179.712
-11.308 -1.3418 19.2084 162.432 129.6
-11.4685 -1.34371 18.1513 127.872 126.144
-11.6969 -0.307816 16.7434 74.304 167.616
-8.71282 -1.71432 16.6049 207.36 103.68
-8.43316 -2.21708 15.9033 203.213 74.6496
-6.97541 0.217846 32.732 454.118 180.403
-8.16338 0.36586 16.6622 236.39 199.066
-6.95851 -3.7618 95.8401 555.725 155.52
-6.01881 0.946826 28.6168 452.045 207.36
-10.2019 0.0373559 34.2387 396.058 182.477
-8.43446 -1.03734 66.4873 514.253 172.109
-7.33527 -2.59133 57.8226 514.253 151.373
2.51887 1.0159 22.9764 690.509 219.802
0.36685 1.49598 8.03825 638.669 329.702
0.767835 1.46921 9.89053 669.773 302.746
0.763047 1.43794 13.1202 653.184 269.568
6.35669 -0.345672 16.331 906.163 163.814
4.15569 0.167602 13.7155 846.029 180.403
7.81924 -2.20812 21.3879 891.648 111.974
-5.43931 0.48297 35.484 495.59 192.845
-0.561146 1.38792 15.4005 578.534 252.979
-1.10688 0.629917 46.2802 588.902 190.771
-0.985939 1.50439 9.18153 522.547 315.187
-0.403845 1.5352 8.24903 568.167 331.776
-5.47018 1.38941 21.3487 414.72 232.243
-3.14999 1.6192 9.96682 346.291 313.114
-1.47707 1.56884 8.68955 462.413 323.482
-2.09009 1.57281 9.68132 433.382 313.114
-16.2646 -14.592 92.6512 481.075 70.5024
0.168521 -5.32123 31.8194 611.712 58.0608
-3.75067 -5.23116 55.946 559.872 114.048
-8.01758 1.2505 18.0564 271.642 234.317
-4.51941 1.71228 9.41157 221.875 327.629
-4.35679 1.61863 10.503 279.936 304.819
-4.47186 1.62903 12.3548 323.482 286.157
-11.5781 1.55878 15.6098 41.472 250.906
-11.934 0.808509 16.2418 45.6192 217.728
-6.29449 1.67173 10.4695 138.931 302.746
-7.82035 -2.69303 16.2387 240.538 55.9872
-8.89998 -2.96239 16.8722 201.139 47.6928
-10.7384 -2.45303 18.3273 163.814 80.8704
-11.4448 -2.57813 17.9556 124.416 72.576
-11.7687 0.124515 18.7088 128.563 186.624
-11.5196 -1.32726 18.2725 128.563 126.49
-6.59935 0.164094 31.1709 450.386 186.624
-8.23684 -1.66554 16.8121 231.414 106.998
-11.4847 -4.873 40.6305 400.62 94.5562
6.60084 -0.910476 12.299 1030.16 126.904
6.61821 -0.969122 17.7648 893.307 144.323
3.17265 0.0477992 12.3409 808.704 189.112
6.28033 0.269851 14.0728 955.515 196.577
-3.30991 1.6179 9.4722 328.458 320.993
-4.38346 1.62309 10.5319 288.645 303.575
-10.3642 1.43105 15.8791 104.509 253.809
-10.9895 1.59487 15.1282 52.2547 253.809
-2.05445 1.51325 9.39515 447.898 318.505
-2.12585 1.58948 9.78391 432.968 313.528
-0.388117 1.52924 8.40545 557.384 323.482
-0.602987 1.4232 11.6544 567.337 281.18
-2.72262 1.61243 9.92515 390.666 313.528
-3.17266 1.5959 9.99457 353.341 313.528
-11.0268 1.20797 18.1725 156.764 228.925
-11.1903 1.25441 18.4843 146.811 233.902
-0.585371 1.39459 15.4746 577.29 253.809
0.762952 1.45987 9.82763 669.358 303.575
0.763499 1.42053 13.128 654.428 268.739
-1.06717 1.48795 9.00476 512.594 318.505
-1.07886 1.49159 9.10343 505.129 323.482
-10.8241 -2.46092 18.3863 164.229 79.6263
-10.7711 -2.44889 18.2964 159.253 72.1613
-12.3155 -2.77427 19.3217 124.416 72.1613
2.55812 1.04368 22.2072 691.753 218.972
1.94686 0.340351 36.0632 649.452 191.601
-14.4081 -10.3772 65.8894 437.944 67.1846
-14.2752 -13.7987 115.052 515.082 92.0679
-11.2998 -7.97278 66.4761 482.734 94.5562
-11.5532 -0.413728 26.5174 283.669 171.694
-5.39059 0.65503 18.262 383.201 211.507
-12.4263 0.158602 19.7106 129.393 186.624
-11.6608 -1.34973 19.7145 159.253 129.393
-11.8585 -1.3633 18.7686 129.393 126.904
-8.02545 1.22658 18.0742 271.227 233.902
-7.52694 0.659693 18.392 293.622 211.507
-4.61215 1.40595 22.0748 452.874 231.414
0.233621 -7.26719 92.9289 609.638 126.904
-3.45789 -4.96631 51.5787 559.872 114.463
-8.24781 0.367557 16.7394 233.902 199.066
-10.9054 -3.10617 55.5228 465.316 141.834
-8.41593 -2.77203 15.788 199.066 47.2781
-10.3515 -0.850286 66.3252 492.687 174.182
-4.46399 1.68323 9.32316 223.949 325.97
6.37504 -1.34899 11.9402 1033.15 95.5515
6.5528 -0.923228 12.2413 1033.15 128.397
-0.973681 1.4983 9.06738 522.547 316.514
-1.99992 1.41393 13.4119 492.687 265.753
-2.06555 1.58819 8.93442 432.968 313.528
-0.364703 1.47474 11.3039 582.267 301.584
-2.65124 1.58076 9.81426 391.164 313.528
0.37411 -4.46677 34.4466 618.099 86.5936
0.0871041 -5.55324 34.6479 612.127 68.6776
-0.598049 1.32718 14.7266 579.281 253.809
0.753896 1.48215 10.0719 668.861 301.584
0.246172 1.43902 8.93426 630.043 316.514
0.747134 1.39008 12.8466 653.931 268.739
-11.0885 0.139983 17.3967 131.383 188.117
1.24101 -3.29687 33.2788 633.029 110.481
-13.8628 -9.73529 80.2409 483.729 95.5515
-10.2114 -2.32713 17.3867 164.229 80.6216
-12.494 -2.86901 19.6017 125.411 71.6636
-11.3133 -0.407744 26.1338 280.683 179.159
-11.9096 -1.85374 27.0761 283.669 131.383
-11.5845 -1.34406 19.6316 158.257 131.383
-12.0213 -1.36154 19.1104 128.397 125.411
-2.34874 1.37254 19.8187 519.561 235.893
5.81034 -0.351292 40.6275 713.65 176.173
2.62367 1.09147 23.9324 689.762 217.977
2.14857 0.32025 39.7997 647.959 191.103
-8.26369 0.963124 18.3237 265.753 223.949
-7.72287 0.672295 18.7433 298.598 209.019
5.03918 -3.29647 34.2363 716.636 116.453
-4.37183 1.63888 10.5392 280.683 304.57
-16.6954 -14.0461 90.7885 468.8 71.6636
-12.8642 -3.81925 65.0349 465.814 140.341
-8.99799 1.54335 16.3673 191.103 241.865
-8.13318 0.411862 16.6478 232.907 200.061
-5.406 1.09001 18.3142 385.192 229.921
-5.6444 -0.713191 82.4817 558.379 176.173
-0.036528 -6.10328 136.188 606.155 152.285
-5.83785 -2.92914 61.5398 540.463 149.299
-8.33601 -1.64454 15.929 209.019 104.509
-8.65064 -2.29695 16.3134 194.089 71.6636
6.272 -0.921868 16.8986 892.809 146.313
4.31701 0.0194804 17.8549 788.3 186.325
0.108163 0.226496 43.0246 584.059 189.909
0.387067 -4.05279 31.593 616.307 85.9964
-8.71658 1.49131 15.8155 189.909 254.406
-9.48924 1.62377 15.8198 146.91 261.572
0.749411 1.4191 9.82934 666.472 300.987
0.741533 1.43035 13.3909 648.556 268.739
-8.32422 -2.13836 17.0388 236.49 85.9964
-10.925 1.17717 18.0877 146.91 232.907
5.20705 -4.20502 36.7667 713.053 103.912
-7.7927 1.1666 17.55 275.905 229.324
-9.06569 -9.55725 87.8377 533.894 103.912
-13.2003 -9.05747 76.4063 483.73 96.7459
-16.4037 -14.5576 94.9483 480.146 68.0805
2.3504 0.985472 22.2881 684.388 218.574
5.75357 -0.351276 40.6257 713.053 175.576
2.12872 0.450199 41.5745 652.139 179.159
-10.5264 -4.47085 50.0484 451.481 118.245
-19.2052 -13.6557 90.7123 455.064 71.6636
-25.749 -18.647 121.621 437.148 71.6636
-10.5829 0.0192049 17.6023 164.826 186.325
-11.7857 -0.0836271 18.6945 128.995 186.325
-12.2186 -1.43475 19.3812 128.995 125.411
-5.60316 1.15074 18.8931 383.4 229.324
-5.98904 0.919165 17.4873 361.901 222.157
-12.1304 -1.90012 27.7536 279.488 128.995
-10.238 -0.949505 35.5208 394.15 161.243
0.125062 0.400289 49.7468 609.141 179.159
0.321975 -10.1938 128.074 609.141 125.411
-4.50404 -6.00127 71.6432 562.56 125.411
-10.6964 -3.17567 54.0758 462.23 139.744
-7.85894 -1.50998 71.3378 526.728 182.742
-8.29005 0.966196 18.3821 265.155 225.74
-12.2768 1.43522 22.0526 200.658 232.907
-8.4425 0.84335 18.492 257.989 204.241
-9.66349 0.380785 18.5149 214.991 197.075
-11.8267 -2.67 18.5955 125.411 71.6636
-0.609282 1.44826 11.4678 566.143 283.071
-2.08615 1.44949 14.1219 490.896 265.155
6.66268 -0.979291 17.9512 892.212 143.327
2.33542 1.05162 23.0586 705.887 197.075
