-6.20882 1.45087 14.5291 274 264
0.174295 -5.50353 32.9095 612 62
-4.80583 1.22454 34.1398 502 211
5.86899 -4.50312 84.7059 658 147
-12.2046 -0.836954 19.2739 127 153
-13.161 -13.164 93.4933 506 84
3.57832 -4.5545 29.9776 696 73
-5.245 1.11949 17.2013 375 236
-11.0126 -4.03977 28.9776 325 82
-11.3303 -2.72025 74.5916 497 159
-9.24691 -2.82341 15.7073 155 49
-7.60634 0.674782 17.4585 270 216
-8.34456 1.00847 18.2219 259.2 229.2
-4.4214 1.6432 8.27281 171.6 350.4
-8.46256 -2.8449 15.0135 176.4 42
-11.6779 -0.355334 17.9684 111.6 171.6
-11.9481 -0.84561 18.8688 127.2 153.6
-11.5824 -1.544 22.552 222 135.6
-15.421 -11.2689 87.8456 480 93.6
-15.2023 -14.0004 86.5999 480 69.6
-12.2847 -5.53112 74.7162 492 133.2
-11.4098 -5.19832 67.6772 484.8 130.8
-11.9355 -2.24119 43.2906 404.4 148.8
-5.91926 0.897954 28.3309 452.4 210
-6.07496 -0.37634 51.8693 522 181.2
-7.11582 -5.41513 175.223 577.2 164.4
6.20761 -2.09537 11.657 1027.2 45.6
8.161 -2.20165 21.0417 903.6 106.8
-0.581998 1.39931 14.8397 577.2 259.2
-5.73472 1.17453 17.3072 352.8 235.2
-5.44924 1.39849 21.0385 412.8 235.2
-8.01329 1.19373 17.2368 253.2 238.8
-6.79051 0.754136 17.6101 314.4 219.6
-4.4766 1.64752 9.80531 243.6 320.4
-4.4188 1.57816 11.2564 298.8 297.6
-12.3514 -6.35101 30.5964 307.2 32.4
-11.6715 -1.99312 25.487 264 127.2
-9.11083 -2.69331 15.5866 159.6 54
-5.67502 1.08889 17.8775 365.76 233.28
5.95233 -3.44953 38.6154 721.44 119.52
1.62854 -7.19576 32.6941 642.24 27.36
-10.9667 -4.61853 24.0208 266.4 41.76
-5.52123 0.796977 18.025 374.4 220.32
-12.2907 -12.2935 87.311 499.68 79.2
-17.2283 -15.606 97.369 479.52 69.12
5.61225 -4.33183 79.406 658.08 146.88
-8.63646 -1.73545 15.5523 180 100.8
-11.6853 -0.127988 17.6399 100.8 180
-12.5996 -2.29076 45.4699 404.64 149.76
-11.7213 -0.654235 57.2442 457.92 177.12
-8.60355 -1.48509 15.6499 185.76 113.76
-7.45844 -2.38405 15.1374 231.84 64.8
-9.0006 -6.32448 214.294 577.44 164.16
0.858326 1.40472 15.1202 650.88 257.76
2.31055 0.298277 37.069 652.32 192.96
0.793473 1.47714 8.93932 679.68 322.56
7.87454 -2.13728 20.1585 902.88 106.56
-2.16179 1.43236 18.4579 518.4 246.24
-4.81448 0.256836 66.3103 557.28 190.08
-3.03852 1.53959 8.66105 325.44 331.2
-16.8573 -17.0528 137.403 519.84 95.04
0.216905 -5.46936 32.4354 612 61.92
-16.2884 -11.5792 80.6444 460.8 82.08
-16.1688 -12.3935 57.7708 403.2 30.24
-7.64734 1.0642 16.3517 252 237.6
-4.37751 1.59899 9.67673 246.24 319.68
-11.8727 0.0442086 17.8107 99.36 188.64
-11.6357 -1.98099 25.3318 264.96 128.16
-10.469 -2.44364 17.019 142.56 76.32
-11.7651 0.0211061 19.3449 146.88 187.2
2.36901 1.44182 11.2924 773.28 288
-5.42359 0.865681 17.3903 373.248 221.184
-11.155 -4.83928 59.7562 471.744 127.872
-6.98805 0.773284 18.0573 314.496 219.456
-11.4472 -0.721605 56.2877 457.92 176.256
-11.7593 -0.153493 17.7517 101.952 179.712
1.34397 -3.69574 33.5376 637.632 105.408
-14.9377 -14.6647 99.2493 499.392 79.488
-8.79227 -1.49164 15.9528 184.896 114.048
-12.0439 -0.364834 42.1936 397.44 179.712
-7.06301 -4.96299 168.162 577.152 164.16
-5.82174 -0.335316 57.1777 533.952 183.168
-8.85851 -3.15734 68.3314 513.216 152.064
6.22157 -2.13409 13.2005 972.864 70.848
0.774105 1.33218 14.3394 649.728 257.472
0.790629 1.45945 8.90727 680.832 323.136
0.772189 -6.16703 31.1724 623.808 32.832
-2.09098 1.36918 17.6437 513.216 243.648
-5.33123 1.10851 17.4047 366.336 235.008
-2.73492 1.59957 8.92859 361.152 333.504
-14.8875 -15.2329 122.739 518.4 96.768
0.177914 -5.61782 33.593 611.712 62.208
0.489529 -5.94242 92.4306 611.712 141.696
-14.5784 -11.2303 52.3484 404.352 36.288
-11.863 0.570779 20.7391 176.256 207.36
-8.19456 1.21347 17.5218 250.56 238.464
-4.51273 1.60602 11.4551 300.672 297.216
-8.24144 -2.79781 14.6574 176.256 41.472
-11.6758 -2.73007 17.3344 93.312 65.664
-11.1915 -2.6376 18.1935 141.696 76.032
-12.0262 0.0700229 18.0786 98.496 184.896
-11.8999 -0.40654 16.0435 38.016 167.616
-11.5849 -1.46286 18.7062 138.24 127.872
-11.9758 0.0445926 17.9654 100.224 190.08
5.97182 -4.55422 39.82 719.539 101.606
-9.52583 -0.952279 61.0351 493.517 176.256
-6.52653 0.916125 30.231 447.898 211.507
5.92742 -3.69563 39.5239 719.539 118.195
-7.55626 -4.3745 104.073 555.725 155.52
-8.54074 -1.72053 15.4186 180.403 101.606
-8.79944 -3.23071 67.8757 514.253 151.373
6.23802 -0.833338 10.6563 1069.98 118.195
6.64907 -0.473678 16.0497 926.899 170.035
0.743233 1.27905 13.7675 649.037 257.126
0.797392 1.46139 12.2462 659.405 279.936
-0.559224 1.27933 13.7706 578.534 259.2
-0.208442 0.638767 46.9304 607.565 192.845
-5.76978 1.39723 21.4689 406.426 236.39
-2.70434 1.5889 8.86904 371.174 329.702
-2.68678 1.56633 8.81145 360.806 331.776
-18.4417 -16.8375 105.053 474.854 70.5024
0.172996 -5.7806 32.6644 611.712 62.208
-7.1853 -3.81596 75.744 537.062 149.299
-3.91126 -5.77977 58.3414 559.872 114.048
-4.44226 1.62134 9.7301 244.685 319.334
-4.68075 1.65995 11.8398 298.598 296.525
-4.59686 1.68766 8.55656 172.109 329.702
-8.23801 -2.78975 14.6151 184.55 41.472
-8.87189 -2.44115 15.7786 176.256 68.4288
-11.702 -0.39978 15.7768 39.3984 165.888
-12.3283 -1.52029 18.4557 99.5328 124.416
-2.13914 1.56923 8.82776 410.573 331.776
6.35961 -2.13006 11.9424 1028.51 45.6192
-10.2151 -4.59078 35.7868 395.643 92.0679
-6.64678 0.0331636 30.3963 445.409 189.112
-11.1867 -0.86414 55.3859 460.339 176.671
-13.3813 -1.7611 48.2909 405.596 159.253
-9.78389 -2.3444 87.7037 527.524 166.717
6.08765 -0.852598 10.3502 1072.47 116.951
6.71074 -0.478071 16.1986 928.143 164.229
2.46666 0.341279 42.4131 651.94 191.601
0.777466 1.47039 8.89844 679.311 320.993
0.810904 1.43418 12.4537 659.405 278.692
-2.11581 1.42871 13.2037 482.734 273.715
-0.62433 1.46689 10.8952 562.36 293.622
-4.68785 1.38299 21.7142 442.921 236.39
-15.1862 -14.7304 110.056 515.082 92.0679
-15.6904 -11.4321 90.0942 482.734 94.5562
-8.51746 -3.34588 66.4133 515.082 149.299
0.239511 -7.84798 95.2715 609.638 126.904
-3.87089 -5.72011 57.7392 559.872 114.463
-21.3784 -12.9928 70.1117 385.69 52.2547
-18.9798 -15.3275 97.321 467.804 72.1613
-11.1297 -3.46084 56.2662 465.316 141.834
-7.89445 1.14555 16.8801 251.32 238.879
-11.5798 1.19978 18.0493 119.439 236.39
-7.70325 -2.00164 15.9494 238.879 89.5795
-11.6981 -0.512958 25.9391 268.739 171.694
-12.4569 -2.12724 27.202 266.25 129.393
-11.8132 -2.76793 17.5748 94.5562 67.1846
-8.81281 -1.8105 15.8302 181.647 99.5328
-12.0342 -1.49022 18.0907 99.5328 124.416
-11.4411 -1.45122 18.5574 136.858 126.904
-6.01685 -1.12719 87.9243 558.379 179.159
-2.10227 1.45606 13.1191 483.729 271.725
-12.0439 0.0197536 18.1053 101.523 188.117
6.5101 -0.484012 15.6617 928.641 164.229
-11.9878 -2.80883 17.8345 95.5515 65.6917
2.97554 0.0560754 10.6519 827.118 191.103
0.507994 -4.66365 33.79 618.099 83.6076
0.240601 -5.86667 35.9789 615.113 65.6917
0.764274 1.44409 8.88898 677.818 316.514
0.782497 1.43124 12.2798 656.917 277.697
-13.7812 -10.0109 79.769 483.729 95.5515
-12.7039 -1.59637 19.0575 101.523 125.411
2.54726 0.996457 21.8492 692.748 220.963
1.96679 -4.1161 36.4324 647.959 101.523
-7.90242 0.648514 18.0803 277.697 212.005
-12.5341 -0.79921 19.6647 125.411 158.257
-11.2887 -1.3625 18.0656 134.369 128.397
2.83584 0.412071 51.2109 650.945 191.103
-2.36355 1.33421 19.2652 501.645 241.865
-9.46154 -2.61538 16.4608 161.243 59.7197
-10.5669 -2.53245 17.1394 137.355 74.6496
-11.4343 -1.91219 25.3541 268.739 128.397
-5.32385 1.04909 17.2241 370.262 232.907
-5.76171 0.613512 21.2192 403.108 209.019
-7.86436 1.11779 16.8158 250.823 238.879
0.191829 -7.65609 170.837 606.155 152.285
-3.81548 -5.36849 55.7557 561.365 122.425
-8.99679 -4.8491 96.2513 537.477 149.299
-10.6582 -3.38917 53.8824 462.828 140.341
7.48126 -2.38944 20.1567 902.962 107.495
-11.5303 -2.73115 17.1895 96.7459 68.0805
6.23033 -1.32002 10.5182 1078.54 82.4132
0.447017 -5.08654 36.4862 616.307 85.9964
0.181611 0.380298 72.2404 605.558 193.492
-13.9958 -10.0541 81.011 480.146 96.7459
-16.4883 -15.1949 93.1869 480.146 68.0805
-7.71004 0.593086 17.9254 275.905 211.408
2.73459 1.06246 24.0294 691.554 222.157
0.734645 1.49035 12.9415 634.223 265.155
-11.8042 0.0690194 17.8195 100.329 186.325
-12.4526 -1.5648 18.6807 100.329 125.411
5.2744 -3.68706 73.1855 666.472 168.41
-10.7283 -4.77725 50.3425 447.898 114.662
-17.2012 -12.9089 81.2467 455.064 71.6636
5.90133 -0.514 40.0938 716.636 175.576
-9.52905 -2.62768 16.5382 189.909 85.9964
-10.8499 -2.60712 17.4801 139.744 75.2468
-11.5875 -1.4534 18.5852 132.578 128.995
-14.1024 -4.48887 69.8215 462.23 139.744
-10.6261 -4.79886 37.4089 394.15 85.9964
-5.36188 1.04716 17.1924 369.068 232.907
0.354815 -11.8225 141.137 609.141 125.411
-4.7544 -6.33484 75.6254 562.56 125.411
-8.44202 0.932152 17.7344 247.24 240.073
-9.72174 1.05678 18.6265 214.991 222.157
-11.8631 -0.524691 30.8764 322.486 175.576
-13.1475 -2.29208 28.7976 268.739 128.995
-5.48195 -0.217116 48.5355 526.728 182.742
-9.46467 -3.36017 68.591 508.812 150.494
-9.01517 1.48281 15.4967 157.66 257.989
-9.51462 1.56346 14.8303 111.079 268.739
-11.3458 1.09857 18.0365 121.828 236.49
-2.17537 1.48098 13.3436 483.73 272.322
6.64487 -0.914947 16.7717 910.128 143.327
6.57954 0.204009 13.5987 985.375 200.658
