-16.2109 -11.6527 56.5165 398 36
-10.8091 -3.95358 27.5351 315 80
5.88208 -4.42433 83.2239 658 148
-4.98138 1.22101 34.0412 499 213
6.52416 -3.64919 40.8505 724 121
-12.0445 -12.0472 85.5622 505 84
-11.1179 -2.64503 72.529 495 160
-16.5238 -4.95336 64.488 418.8 130.8
-9.2958 -2.80021 14.7776 122.4 40.8
-12.3523 -0.828702 18.4915 98.4 153.6
-3.99002 -5.80593 62.093 561.6 118.8
3.69588 -4.67006 29.9165 699.6 69.6
-11.8847 -5.85964 31.6197 328.8 50.4
-11.3411 -5.08312 66.1774 482.4 132
-15.4282 -11.1855 87.1954 478.8 93.6
-15.3085 -13.9874 86.5193 478.8 69.6
-5.43271 0.806912 16.6757 357.6 224.4
-12.2791 -2.24897 43.441 399.6 150
-10.9232 -2.22867 54.8367 460.8 156
-12.1987 -8.57172 290.437 577.2 165.6
7.96432 -2.1328 19.3545 920.4 104.4
-5.47 1.39514 20.1449 402 240
0.21275 -5.45312 31.8142 612 60
-18.0043 -16.3612 91.021 464.4 56.4
-7.80406 1.16302 15.8388 230.4 244.8
-4.45595 1.61099 10.3598 265.2 312
-12.4428 -6.35069 29.7961 297.6 28.8
-11.9394 -2.02528 25.0085 249.6 127.2
-16.8562 -11.82 82.3218 459.36 82.08
-12.8322 -9.65038 58.6828 447.84 67.68
6.55023 -3.81108 41.3741 722.88 119.52
-11.5558 -1.50258 21.5099 203.04 135.36
-8.10291 -1.30275 14.8142 192.96 116.64
-5.4539 0.813534 16.8126 358.56 224.64
-11.9677 -0.123069 16.9621 69.12 181.44
-12.1294 -0.663492 58.0542 455.04 178.56
-11.8825 -2.11785 42.0379 400.32 149.76
-8.60691 -2.31438 14.3157 144 61.92
-9.3018 -6.53613 221.465 577.44 165.6
-7.81694 -4.70574 111.953 555.84 155.52
7.97188 -2.14207 19.4386 920.16 103.68
0.802803 1.52925 8.03679 691.2 345.6
-0.578011 1.41253 13.7618 574.56 266.4
-5.71398 1.12736 16.9597 349.92 237.6
-4.51002 1.60326 12.5567 326.88 288
0.209123 -5.40365 31.2718 612 59.04
-16.3362 -12.4178 57.5111 400.32 28.8
-7.96851 1.16175 16.127 230.4 244.8
-5.70463 0.857911 15.1214 316.8 231.84
-6.73471 0.776034 16.5123 295.2 223.2
-4.41285 1.63315 8.71023 203.04 338.4
-11.9275 -1.9885 24.9834 250.56 126.72
-11.2749 -2.64707 17.423 115.2 72
-12.0636 -0.809335 18.0594 99.36 154.08
-5.49894 0.467071 34.3159 489.024 196.992
-8.74253 -3.05178 14.5077 145.152 32.832
-15.2796 -10.8376 86.3558 478.656 95.04
-13.452 -13.2061 89.3776 497.664 79.488
-16.641 -15.0862 93.3161 478.656 69.12
-11.3295 -4.01102 27.4041 300.672 77.76
6.40591 -3.76015 40.8212 722.304 119.232
-8.84519 -1.51296 15.0605 155.52 110.592
-11.9636 -0.146905 16.9898 69.12 181.44
-6.89531 -4.84515 164.169 577.152 165.888
-8.87411 -1.77019 14.9329 150.336 96.768
-8.90169 -3.13905 67.9355 513.216 152.064
6.14777 -2.05336 10.5271 1067.9 34.56
0.839759 1.40821 14.102 653.184 266.112
2.62504 1.03445 20.7805 701.568 226.368
0.813769 1.54002 8.03468 687.744 340.416
2.1639 -4.62253 27.8733 665.28 63.936
-2.11622 1.44219 17.0559 511.488 252.288
-5.72148 1.18096 17.0524 350.784 238.464
-5.59085 0.854273 17.1611 359.424 224.64
-14.8542 -15.1949 121.076 518.4 96.768
0.176657 -5.71733 33.3556 611.712 60.48
0.513955 -5.96894 97.0426 611.712 141.696
-14.3441 -10.7192 65.182 447.552 67.392
-10.69 -3.12053 54.4261 463.104 145.152
-8.48336 1.25363 17.0729 228.096 243.648
-4.42241 1.63804 8.8016 200.448 340.416
-11.9875 0.0656776 16.9568 65.664 191.808
-11.594 0.0448557 18.0714 119.232 190.08
-12.5645 -6.44398 32.1206 307.584 34.56
-10.7915 -4.56136 22.7365 250.56 36.288
-11.509 -0.204041 28.122 302.4 181.44
-11.7763 -1.46116 18.0426 110.592 126.144
-10.7451 -0.867159 67.6413 491.443 176.256
-12.0726 -0.561453 17.3849 78.7968 161.741
-5.95969 0.506207 37.1912 489.37 196.992
-11.6186 -0.0624452 36.9245 375.322 186.624
-7.82009 -2.87114 60.3214 512.179 151.373
-8.36309 -1.91751 14.9477 165.888 101.606
-8.73363 -1.72173 14.6965 151.373 95.3856
-7.28622 -4.21817 100.354 553.651 157.594
7.94824 -2.16268 19.3809 920.679 103.68
0.812447 1.395 13.9697 653.184 265.421
-0.0129173 0.454514 48.1597 607.565 190.771
-5.67687 1.153 16.9899 352.512 238.464
-5.86452 0.943941 26.3167 441.677 213.581
-14.2064 -14.21 115.795 518.4 95.3856
-14.9951 -12.9712 80.9302 472.781 70.5024
0.17453 -5.64848 32.9539 611.712 60.1344
-10.8755 -5.61118 111.378 537.062 149.299
-13.599 -8.53908 82.7098 487.296 111.974
-11.7621 1.15802 17.7933 103.68 236.39
-12.0927 -0.0288713 17.072 66.3552 190.771
-7.44498 -2.3989 14.2264 203.213 58.0608
-11.3037 -1.56426 23.8157 250.906 136.858
-12.1458 -3.18458 17.9951 93.312 51.84
-8.58967 -2.3151 14.3201 145.152 62.208
-11.2583 0.568779 18.769 151.788 209.019
-7.42185 -3.98607 176.706 577.29 169.206
-7.50277 -1.7978 67.2556 525.036 169.206
-8.31209 -1.73709 15.0058 179.159 97.0445
-8.49436 -1.71835 14.3274 149.299 94.5562
-4.49194 1.63457 10.5115 266.25 311.04
-2.1017 1.47369 12.0679 470.293 283.669
0.789128 1.42852 10.9496 664.382 291.133
6.63736 -0.438943 14.8728 950.538 164.229
-11.5246 -2.65472 16.1431 62.208 59.7197
-12.2136 0.11521 17.3107 67.1846 189.112
-0.576034 1.45078 9.5869 557.384 311.04
-0.541968 1.36981 13.3456 574.802 268.739
-16.5555 -16.5598 133.43 512.594 92.0679
-12.2466 -8.92293 70.3201 480.246 94.5562
2.69105 1.17247 13.6416 761.426 253.809
6.50837 -4.90225 41.8451 724.101 102.021
-2.29495 1.39836 17.7024 510.106 246.344
-16.0208 -12.9379 82.1487 465.316 72.1613
-18.9769 -13.3588 79.2231 432.968 64.6963
-12.3376 -1.48615 17.4519 67.1846 121.928
-12.1084 -2.02457 25.4366 251.32 126.904
-8.08519 1.14952 16.2716 228.925 243.855
-12.6937 -0.778872 60.7547 455.363 176.671
-9.50987 -2.95715 48.0772 462.828 141.834
-7.1564 -2.75209 21.6888 348.365 94.5562
-20.3724 -12.2142 65.9103 383.201 49.7664
0.233896 -7.66401 93.0382 609.638 126.904
-3.77185 -5.57376 56.2619 557.384 116.951
-4.54712 1.62924 10.5718 268.739 310.542
-5.05876 1.49378 13.459 316.514 274.711
6.50074 -0.429908 14.5667 952.529 164.229
-0.615788 1.46865 9.79498 558.379 310.542
-12.0575 0.0663222 17.1232 68.6776 191.103
-3.21124 -4.74534 47.8997 555.393 116.453
0.373473 -5.75077 34.388 615.113 62.7057
0.377911 1.3785 10.134 639.001 298.598
0.778149 1.46335 11.461 662.889 289.641
-12.0767 -2.83449 16.9495 62.7057 59.7197
-10.7135 -7.78245 62.0121 480.743 95.5515
2.79138 1.14491 23.6607 698.72 223.949
2.02296 0.267112 33.1958 650.945 194.089
-12.4872 -2.05742 26.3092 253.809 128.397
-11.746 -0.662963 17.511 95.5515 158.257
-11.212 -1.40903 17.1051 107.495 125.411
-12.0802 -1.45515 17.0878 65.6917 119.439
-8.20574 0.304667 14.8138 197.075 203.047
-4.69026 1.38576 22.7516 450.884 229.921
-4.77135 1.46683 20.7631 438.94 238.879
-6.63811 0.154881 29.4208 441.926 191.103
-10.0501 -0.629236 49.0826 456.856 176.173
-10.7395 -3.34448 53.1718 459.842 140.341
-0.236315 -6.58057 142.417 606.155 155.271
-4.68446 -0.591899 68.4541 555.393 179.159
-5.53017 1.09078 16.7602 355.332 238.879
-5.44377 0.637673 16.4983 355.332 217.977
-11.0265 -1.07359 68.8104 489.701 176.173
-2.07689 1.43458 12.0215 471.786 283.669
3.563 0.0941901 11.7057 848.02 194.089
0.123836 0.396362 49.2587 609.141 189.909
-6.48858 -7.19023 62.868 533.894 103.912
-12.6421 -8.86744 71.4494 480.146 96.7459
-13.6767 -12.6039 77.2969 480.146 71.6636
1.95571 -4.13748 35.3171 648.556 100.329
2.06657 0.279245 34.7037 648.556 193.492
-10.063 -4.47363 45.1571 444.315 114.662
-17.3755 -13.0398 82.0703 451.481 71.6636
-11.6144 -1.95914 24.6146 254.406 128.995
5.51704 -0.46728 36.4494 720.219 179.159
-9.26901 -4.35709 31.2538 379.817 103.912
2.51214 1.10262 21.5479 695.137 225.74
7.07382 -0.664147 46.7346 716.636 197.075
-11.5077 -1.39144 17.4821 103.912 125.411
-5.51272 1.08277 16.6372 333.236 243.656
-10.0692 -3.20508 49.853 458.647 139.744
-7.97277 1.17818 16.0453 225.74 243.656
-7.68392 0.623298 16.7285 254.406 214.991
0.344598 -11.482 137.073 612.724 128.995
-4.87239 -6.49206 77.5024 558.976 125.411
-4.76323 1.36596 22.9507 447.898 229.324
-8.15526 -2.8953 59.1017 505.229 154.077
-11.8902 -1.41443 16.8855 68.0805 121.828
-8.54674 1.39457 13.5869 121.828 268.739
-13.0836 0.020232 18.5438 68.0805 189.909
0.489236 -4.62725 32.5422 616.307 82.4132
-2.11864 1.48048 12.2632 472.98 283.071
0.803845 1.43965 11.1538 659.305 290.238
3.48562 0.0917253 11.3994 845.631 193.492
6.36257 0.248979 12.1061 1017.62 200.658
