-0.49422 1.50733 8.03916 557 342
-11.6912 -0.0480426 15.5868 31 184
-16.4193 -11.7118 56.4222 395 35
-1.4894 1.49725 9.54306 482 314
-2.39024 1.42582 18.0501 507 247
5.98354 -4.38288 84.6594 659 149
-11.8358 -0.12317 16.976 76 181
-10.3809 -3.73807 25.5393 305 78
-12.8557 -12.7328 90.431 504 84
7.21254 -3.96515 44.3875 726 122
7.74973 -2.0121 17.8095 939 102
-0.0304207 1.42592 9.97265 605 302
-3.44191 1.54308 13.7311 413 274
-6.38278 0.544605 15.1834 284 214
-6.83479 0.82194 15.6376 272 227
-5.05233 1.64029 9.60329 187 323
-4.90273 1.52213 12.1869 294 284
-6.68754 1.50953 11.9529 165 285
-8.07253 1.5853 12.6926 112 284
6.2672 -2.05215 9.75562 1122 21
9.2345 -1.67156 18.1469 996 117.6
-11.7236 -0.0699182 15.6299 31.2 183.6
-11.9398 -2.01961 41.2261 393.6 150
-12.452 -13.1009 115.959 532.8 106.8
-4.96743 1.36335 13.4652 321.6 265.2
-5.5786 1.14491 15.5922 333.6 243.6
-4.63242 1.52318 15.9185 384 259.2
-5.46139 1.50676 16.9813 362.4 254.4
-5.57065 1.4873 19.5158 392.4 243.6
-4.65035 1.57034 13.8028 346.8 274.8
3.53287 -4.47214 27.6626 703.2 68.4
-11.89 -0.520796 16.8519 68.4 162
-14.4015 -10.2796 80.1332 476.4 94.8
-15.6639 -14.0905 87.157 477.6 69.6
-5.9932 0.899176 26.0801 436.8 212.4
1.14525 -7.43671 171.258 612 156
-3.32586 1.6042 9.79069 336 319.2
-11.3317 -4.81675 65.0664 481.2 132
-11.6476 -2.61785 74.6303 493.2 160.8
-8.29867 -2.39747 13.1344 115.2 42
-9.05774 -2.40949 14.0572 109.2 54
-8.19189 -2.70372 12.7686 110.4 22.8
-8.86766 -1.69987 13.852 111.6 91.2
-10.1697 -6.80917 242.129 577.2 166.8
-6.64912 -0.242441 54.1967 518.4 183.6
6.52765 0.0566538 14.627 952.8 192
3.8965 -1.81554 8.92594 960 25.2
6.46703 -0.401404 13.6008 976.8 165.6
3.91838 -0.234385 9.78695 928.8 169.2
2.77464 1.07855 11.6094 794.4 261.6
0.851386 1.43867 12.8019 660 276
-2.23643 1.37198 17.0679 508.8 249.6
-1.10633 1.55241 8.09932 495.6 344.4
-0.561353 1.51174 8.37328 553.2 336
-5.45618 0.867613 15.6768 340.8 229.2
0.204477 -5.32613 30.577 612 57.6
-3.91996 -5.70398 61.0028 560.4 120
-17.8196 -16.0802 89.4579 463.2 56.4
-11.2218 -4.72734 58.3739 464.4 127.2
-4.49647 1.67911 9.4459 225.6 328.8
-4.41943 1.66413 8.37816 178.8 348
-5.059 1.4935 12.6629 292.8 283.2
-11.536 1.17359 16.6123 75.6 240
-11.5745 1.37473 15.9949 52.8 252
-11.541 0.113568 17.0639 91.2 190.8
-11.7737 0.125606 15.6099 27.6 192
-8.04556 1.53729 12.7338 115.2 280.8
-11.6944 -1.90064 23.4694 234 124.8
-11.6829 -2.67342 15.348 22.8 51.6
-8.67384 -0.562897 13.8502 122.4 154.8
-11.8898 -3.04597 16.6871 63.36 47.52
-9.24137 -2.76589 13.6919 90.72 36
-2.77515 1.48155 13.0224 440.64 280.8
-16.0848 -11.203 78.0243 457.92 82.08
-11.8265 -0.0926374 15.7964 31.68 182.88
-11.1556 -1.94991 38.7043 394.56 149.76
-8.29264 -2.63317 15.2386 188.64 51.84
-7.86338 -2.74605 14.599 192.96 41.76
-5.23006 0.657075 17.635 380.16 214.56
-11.8045 -0.0752881 16.8303 72 182.88
-12.19 -0.771236 17.2092 67.68 152.64
-8.42204 -1.93543 20.1009 292.32 115.2
-8.36496 -2.38762 13.5986 131.04 50.4
-8.82614 -2.91877 14.1562 122.4 28.8
-40.2582 -59.2979 1365.55 586.08 155.52
6.91857 -3.99033 43.3201 725.76 120.96
-8.60976 -1.68747 13.5968 116.64 89.28
-8.12241 -5.43839 193.385 577.44 167.04
6.42387 0.673149 8.83277 1199.52 252
6.33729 0.645444 9.31983 1157.76 246.24
3.96549 0.0661493 9.93913 927.36 191.52
8.52357 -2.02007 18.8063 953.28 106.56
2.70114 1.05613 11.368 794.88 260.64
2.70504 0.518737 42.4504 656.64 195.84
0.853554 1.44233 12.8345 659.52 275.04
-4.97206 0.572989 71.2094 555.84 192.96
-1.11657 1.53973 8.09188 495.36 345.6
-5.66058 1.53263 17.832 358.56 252
-5.5458 1.11662 15.5006 334.08 243.36
-5.48723 0.850617 15.7659 341.28 228.96
-4.68717 1.55699 13.8548 347.04 275.04
0.209671 -5.50505 31.3538 612 57.6
-14.9729 -11.3613 51.9485 397.44 27.36
-7.76562 0.76264 15.7608 234.72 224.64
-8.95978 0.855502 15.8565 181.44 226.08
-6.82768 0.823707 15.6712 273.6 227.52
-4.52546 1.67671 9.50678 226.08 328.32
-4.30079 1.59606 8.51241 200.16 339.84
-4.37114 1.61446 9.93767 257.76 316.8
-11.5572 1.17106 16.5764 74.88 240.48
-11.6197 1.35775 16.0572 53.28 252
-11.4923 0.0894506 16.9918 89.28 190.08
-11.9122 0.105308 15.8228 28.8 191.52
-7.12856 1.58932 12.5847 168.48 282.24
-8.09433 1.58265 12.6715 110.88 283.68
-11.0791 -0.144963 24.7189 272.16 182.88
-11.7592 -2.8786 15.5334 27.36 43.2
-11.422 -1.39173 16.6145 82.08 122.4
-11.6404 -1.40271 15.4617 28.8 118.08
-8.71534 -1.4304 13.8549 119.52 106.56
-1.10377 1.53756 8.08052 495.936 338.688
-1.52521 1.53348 10.041 487.296 311.04
-11.5691 -2.66116 16.8969 84.672 65.664
-5.62669 0.513398 34.2219 485.568 198.72
-8.137 -1.2599 13.8875 160.704 112.32
-15.3476 -14.7937 100.122 497.664 79.488
-16.5734 -14.9086 92.2177 476.928 69.12
-7.63207 -1.55972 13.4736 169.344 98.496
-8.86918 -1.72318 13.8845 112.32 91.584
-8.6553 -1.82052 13.4617 107.136 79.488
-6.11255 -4.09268 145.533 577.152 167.616
6.76167 -3.89983 42.3376 725.76 120.96
6.15348 -0.584703 9.72603 1114.56 141.696
3.89393 -1.57892 9.06448 953.856 48.384
8.6454 -1.73536 17.7663 979.776 114.048
3.38125 0.883634 11.8102 834.624 247.104
4.16218 0.440806 16.0165 808.704 209.088
2.64838 1.15143 20.2949 706.752 229.824
0.300781 1.44783 9.48026 634.176 311.04
0.825528 1.49903 10.0912 673.92 307.584
0.830339 1.46436 13.0306 656.64 274.752
-2.12307 1.47399 15.8659 506.304 259.2
-0.576934 1.51038 8.43075 551.232 333.504
-0.590438 1.39497 12.4131 573.696 276.48
-15.737 -15.7411 126.834 518.4 96.768
0.170141 -5.59582 32.1253 611.712 57.024
0.458702 -5.32724 86.6099 611.712 143.424
-12.8011 -9.44665 57.444 444.096 67.392
-15.9175 -12.078 55.2257 397.44 34.56
-10.4981 -2.92794 52.337 461.376 145.152
-7.50176 0.760053 15.2684 229.824 224.64
-6.6956 0.81036 15.4173 274.752 228.096
-4.44239 1.63774 9.35964 228.096 328.32
-4.35652 1.62427 8.59904 193.536 342.144
-6.67618 1.60921 13.1777 214.272 281.664
-6.85746 1.65423 13.2446 210.816 279.936
-3.80602 1.58872 10.126 309.312 312.768
-5.15959 1.59087 12.7373 292.032 283.392
-11.3849 0.111801 16.7985 89.856 190.08
-11.7152 0.645181 17.9874 112.32 212.544
-6.46406 1.67098 9.32717 50.112 331.776
-7.31058 1.58382 12.9698 164.16 281.664
-7.50995 1.44574 11.7057 108.864 283.392
-11.4229 -1.8937 22.9888 235.008 126.144
-11.5057 -1.42943 20.4628 183.168 133.056
-9.04233 -2.42491 14.0333 108.864 53.568
-11.8323 -0.726796 16.7372 67.392 152.064
-11.8861 -0.0931044 15.8761 32.832 183.168
-11.4126 -1.41083 16.5673 81.216 122.688
-8.71051 -0.545929 13.9087 122.688 155.52
6.3801 0.635452 9.36364 1157.76 247.104
-8.49736 -2.0636 13.1027 109.901 66.3552
-6.96854 -3.59539 71.366 537.062 151.373
-8.5123 -3.05962 64.2813 510.106 153.446
-11.3887 -5.92956 151.068 553.651 157.594
-8.09043 -1.66342 13.7104 149.299 93.312
-8.01393 -1.74044 14.1826 170.035 91.2384
-10.0696 -0.798655 62.2979 489.37 178.33
-8.78775 -1.46171 13.97 122.342 107.827
-8.28009 -1.86681 13.804 143.078 80.8704
-8.67266 -1.69237 13.6362 114.048 91.2384
-4.44531 1.65184 9.36577 226.022 327.629
-6.50202 1.55365 12.8692 211.507 279.936
-8.8825 1.54813 12.973 76.7232 277.862
4.20911 0.405049 16.3724 806.63 207.36
6.43641 0.0158343 14.513 951.783 190.771
-7.2831 1.58178 12.953 163.814 279.936
0.814518 1.50462 10.1289 671.846 306.893
0.847551 1.43219 12.7443 657.331 273.715
8.54533 -1.71528 17.5607 978.739 114.048
-0.573774 1.39645 12.4262 574.387 275.789
-11.4419 1.36159 15.8421 53.9136 250.906
-11.4401 0.112114 16.8454 89.1648 188.698
-12.1007 0.160909 17.0497 66.3552 194.918
-11.7705 -0.100205 17.0869 74.6496 176.256
-12.0419 -0.761869 17.0002 66.3552 153.446
-11.8206 -1.40784 17.0906 78.7968 122.342
0.0976518 1.35388 18.4382 611.712 242.611
-0.777128 1.31978 22.1747 580.608 234.317
-7.5133 -1.89586 13.7362 186.624 87.0912
-1.50655 1.48781 9.56771 481.075 313.114
-14.4512 -13.7404 102.659 516.326 97.4592
-8.26061 1.25882 15.6601 203.213 248.832
-7.52976 0.750146 15.0694 230.17 223.949
-2.37869 1.45764 17.2385 510.106 246.758
-2.09007 1.46633 15.7833 505.958 259.2
-5.38749 0.491572 32.7671 485.222 199.066
-9.65356 0.485456 16.0195 145.152 209.434
-11.5458 0.635849 17.7272 111.974 211.507
-11.1884 -3.94136 26.1817 288.23 74.6496
-13.1974 -8.14905 78.932 487.296 114.048
-7.98203 -2.50607 14.161 172.109 51.84
6.11053 -2.07698 11.042 1045.09 45.6192
6.2587 -0.550994 9.84902 1115.6 143.078
-8.8647 -1.23069 66.9424 512.594 174.182
-8.84322 -1.4677 14.0271 121.928 106.998
-7.95409 -1.80339 13.1993 141.834 79.6263
-8.3854 -1.65828 13.2135 114.463 89.5795
-4.40047 1.63518 9.27132 228.925 325.97
-4.77747 1.58049 14.0639 345.877 266.25
-7.2925 1.56446 12.8112 164.229 281.18
0.812177 1.50029 10.0998 671.846 306.063
0.828985 1.44388 13.0093 656.917 273.715
3.86185 -1.27334 9.51352 933.12 89.5795
3.89594 -1.61543 9.12827 955.515 47.2781
-0.0996881 0.544924 8.74686 599.685 233.902
-10.2778 -2.40101 14.9804 84.6029 64.6963
-11.8089 -0.124129 17.1081 82.1146 181.647
-11.8663 -0.679511 16.7195 64.6963 154.276
-11.9719 -0.709026 16.8683 57.2314 149.299
-8.18067 -1.93777 14.4777 184.136 72.1613
-14.6752 -14.8435 118.276 517.571 97.0445
-14.7902 -10.6067 83.59 480.246 94.5562
-11.5151 1.15985 16.4178 72.1613 241.367
-11.349 0.0879732 16.7112 89.5795 189.112
-11.3802 -0.460651 23.2941 236.39 171.694
-11.9483 -1.98636 24.1136 236.39 126.904
-8.19069 1.22656 15.5275 201.554 248.832
-7.78907 0.74086 15.7639 231.414 221.461
-2.01637 1.39344 15.2268 512.594 246.344
-2.31775 1.43803 16.4649 502.641 253.809
-18.064 -14.3828 91.3225 465.316 72.1613
-19.1682 -13.2624 78.6514 432.968 64.6963
-6.0305 1.00819 26.0845 435.456 216.484
-5.38998 0.642837 17.922 380.713 216.484
-5.47262 0.851757 15.7871 340.9 221.461
-10.2387 1.37889 15.7877 114.463 253.809
-11.6556 0.590847 17.8577 111.974 209.019
-8.90897 -2.71306 44.1087 460.339 144.323
-8.6964 -0.44549 13.7943 121.928 159.253
0.231432 -7.58327 92.058 612.127 141.834
-4.34953 -5.99799 62.2936 557.384 116.951
-11.0417 0.0372967 34.1845 378.225 186.624
-8.18609 -1.76709 13.7751 149.299 92.0679
-8.37606 -1.93181 13.5859 124.416 74.6496
-3.59428 1.55688 14.0275 408.085 273.715
3.37331 0.177612 9.98705 875.889 201.554
6.59978 -0.426456 13.7993 977.91 166.717
6.505 0.28649 11.5802 1052.56 209.019
6.38091 0.0155999 14.2982 953.027 189.112
6.39446 0.660295 9.34654 1162.05 246.344
-6.0502 -3.24939 144.048 576.295 167.215
-6.71697 1.43267 12.0055 164.229 280.683
3.57808 0.161583 10.7707 874.893 200.061
4.54573 0.124729 15.501 848.02 197.075
6.94087 -1.96029 16.1573 940.585 101.523
3.86286 -1.60906 9.02137 949.543 56.7337
4.30921 0.440383 16.853 806.216 209.019
7.06339 -0.43714 14.8117 979.403 167.215
-4.73266 1.5786 14.0471 346.374 274.711
-4.53486 -6.01392 62.459 555.393 116.453
0.408646 1.44901 9.23557 639.001 313.528
-0.691994 1.27654 21.4482 582.267 232.907
-11.5482 -1.86548 23.4378 235.893 125.411
-8.60294 -1.82812 13.3803 116.453 89.5795
-12.0467 -0.640107 16.9073 65.6917 158.257
-11.9326 -1.44517 17.2525 77.6356 122.425
-11.65 1.17576 16.643 71.6636 241.865
-11.9284 0.60339 18.2368 110.481 209.019
-2.08416 1.4184 15.7387 501.645 253.809
-4.62857 1.28924 21.1668 447.898 226.935
-6.33033 0.219008 27.2177 435.954 194.089
-7.56949 0.828545 15.7633 238.879 226.935
-8.30604 1.21552 15.6636 203.047 247.837
-5.42797 1.13608 15.472 319.5 247.837
-10.1291 -3.6226 24.7503 301.584 77.6356
-11.0945 -0.676244 52.7493 453.87 179.159
-5.39433 0.658467 15.3761 340.402 220.963
-8.65668 0.803272 15.2825 176.173 226.935
-8.34499 -1.69974 14.0097 146.313 92.5655
-7.63496 -1.94104 13.9232 185.131 80.6216
-8.32878 -1.85847 13.8852 143.327 80.6216
-10.6973 -2.11045 93.5583 525.533 170.201
-11.8741 -0.925843 72.2189 489.701 176.173
-9.45941 -3.23276 69.9636 510.603 152.285
-8.66529 1.4694 12.7595 80.6216 277.697
-0.551336 1.37505 11.9403 573.309 277.697
2.92638 1.32591 23.9576 702.304 229.324
2.94454 0.363359 17.6676 734.552 214.991
7.73058 -0.425956 49.2626 723.803 200.658
-11.6683 -1.89021 23.7486 236.49 125.411
2.12537 0.436139 35.6911 652.139 197.075
-8.89197 -1.77019 13.9506 121.828 103.912
-11.8633 -1.40445 17.0494 75.2468 121.828
-8.03602 -1.42788 13.1232 114.662 89.5795
-10.2353 -2.36553 14.8883 82.4132 68.0805
-8.97418 -0.520275 14.2664 121.828 157.66
-11.8694 -0.100843 17.1957 82.4132 179.159
-11.7971 -1.39382 16.9205 75.2468 132.578
-11.135 0.0631181 16.2959 85.9964 189.909
-2.20691 1.3802 16.3227 501.645 250.823
-7.42209 0.338473 16.4575 275.905 204.241
-4.8035 1.31291 21.5554 440.731 232.907
-6.00618 0.441834 26.9524 444.315 200.658
-5.93403 0.206533 25.6673 433.565 193.492
0.369396 -4.32913 30.1506 619.89 89.5795
-7.55184 -1.93906 13.7716 182.742 82.4132
-5.52604 1.47846 17.4848 379.817 243.656
-14.3324 -10.1658 81.0027 476.563 96.7459
-10.0208 -4.37299 44.1413 440.731 114.662
-15.5704 -11.3858 71.6607 451.481 71.6636
-7.19756 0.816666 15.9597 261.572 225.74
-7.97482 1.21526 15.1183 200.658 250.823
-7.59734 0.665956 15.551 232.907 218.574
-8.92432 -0.476858 14.1558 143.327 168.41
-8.51572 1.2875 16.017 193.492 236.49
-9.32923 -2.23208 21.62 283.071 107.495
-12.3723 -2.52987 105.637 523.145 168.41
-13.3862 -4.08893 94.1626 505.229 154.077
-9.03529 -1.07602 124.444 555.393 179.159
0.61171 -7.28064 91.4737 612.724 128.995
-5.85983 -7.17288 85.6299 558.976 125.411
-9.26785 1.31326 14.5721 139.744 254.406
-4.76284 1.44847 13.7396 351.152 254.406
-0.574045 1.38982 12.0685 569.726 279.488
0.189448 0.39671 75.3579 609.141 193.492
5.79501 -4.12848 35.6637 723.803 103.912
0.806855 1.5025 10.2102 670.055 304.57
3.40033 0.124039 10.1507 874.296 200.658
6.51518 -0.400874 13.5829 978.209 168.41
4.00642 -1.34387 9.83596 931.627 85.9964
6.34518 0.659228 9.33143 1157.37 247.24
