-3.5331 1.61532 13.0787 399 282
6.11154 -4.27225 84.8012 661 149
-5.7547 -4.85475 58.9348 536 125
-6.63184 0.590647 14.7507 262 217
-16.4366 -11.6358 55.683 391.2 32.4
-32.819 -21.3513 97.0099 362.4 26.4
-4.07924 -5.6371 62.1363 560.4 118.8
-5.5144 0.903633 14.836 321.6 232.8
6.35066 -4.65179 89.8537 660 148.8
-12.1324 -0.0962865 16.4187 42 181.2
-11.9916 -0.516316 15.9873 33.6 162
-9.28452 -2.29758 20.3363 262.8 100.8
-15.4093 -10.796 85.0818 475.2 93.6
-11.5326 -5.52934 28.9675 312 44.4
3.6657 -4.48482 27.5043 708 63.6
-11.6716 -2.28209 60.2774 466.8 158.4
-11.4437 -4.82581 65.1887 480 132
-8.47379 -2.46566 12.3761 70.8 26.4
-8.60897 -5.47903 204.97 578.4 166.8
-5.73276 -0.0914694 54.0869 531.6 184.8
-6.30847 -0.156713 50.8436 517.2 183.6
6.55474 0.128969 13.6654 981.6 194.4
3.88192 -0.196218 8.69849 970.8 168
6.57354 -0.36032 12.8127 1009.2 164.4
2.54858 1.31894 23.2474 691.2 230.4
2.54203 1.11822 17.9492 716.4 232.8
-2.36259 1.4569 16.951 501.6 249.6
-0.0289352 1.54102 9.48565 606 316.8
0.198219 -5.28683 29.6412 613.2 54
-17.2341 -15.444 85.9183 462 55.2
-4.51708 1.68755 8.49606 177.6 349.2
-11.7796 1.2126 15.9113 40.8 244.8
-11.646 -1.91032 22.4328 217.2 122.4
-11.8621 -0.120258 26.8832 279.6 182.4
-5.41529 0.686093 17.1344 367.2 217.44
-11.97 -7.10779 59.2639 460.8 96.48
-16.0307 -11.0166 76.7265 456.48 80.64
-18.1198 -12.4602 99.2851 476.64 93.6
-4.69575 1.2286 31.7871 498.24 214.56
-38.3069 -54.6161 1299.36 587.52 155.52
-8.7433 -1.41871 12.8744 77.76 100.8
-8.96343 -1.70195 12.9857 70.56 83.52
-7.7786 -4.69292 185.199 577.44 167.04
-7.59401 -1.36944 29.6374 417.6 151.2
9.18899 -1.6122 16.9893 1022.4 113.76
0.8704 1.49636 11.8486 665.28 285.12
8.0025 -4.43002 48.831 732.96 119.52
-2.30859 1.4845 16.7305 504 254.88
-5.58167 0.897124 15.0734 322.56 233.28
-1.5214 1.56504 8.73584 466.56 331.2
0.203735 -5.43394 30.466 613.44 53.28
-4.14688 -5.91907 60.5984 558.72 113.76
-5.64952 1.1906 14.8114 313.92 249.12
-4.42269 1.65171 9.07864 217.44 334.08
-11.6343 1.1954 15.6855 40.32 244.8
-11.8048 0.109412 16.4395 59.04 191.52
-8.26473 1.59159 12.0708 66.24 293.76
-11.2029 -3.78139 22.8013 239.04 61.92
-11.8179 -0.0388095 22.9485 221.76 184.32
-11.9602 -0.121252 27.1055 279.36 182.88
-8.71182 -1.94074 19.8689 276.48 110.88
-12.0372 -3.05725 15.9007 28.8 38.88
-8.01748 -2.56701 13.7488 156.96 43.2
-8.72144 -0.561109 12.9216 82.08 152.64
-11.76 -4.89004 62.5312 475.2 129.6
0.648546 -12.6379 257.976 611.712 150.336
-5.45667 0.691335 17.2653 366.336 217.728
-5.5912 0.584974 32.8929 483.84 200.448
-14.7424 -10.2947 82.0299 476.928 93.312
-13.7242 -13.2288 89.5313 495.936 79.488
-18.6292 -16.5025 102.076 476.928 69.12
-6.40324 -0.548741 93.5707 558.144 181.44
-6.49059 -3.91585 154.533 577.152 167.616
-8.62063 -1.68862 12.6162 70.848 84.672
8.73785 -1.67364 16.8939 993.6 107.136
2.64897 0.287163 26.5186 682.56 195.264
2.46192 0.493537 36.2603 656.64 196.992
-5.08693 0.661227 70.0628 554.688 193.536
-0.545528 1.44841 11.469 570.24 286.848
-5.57747 1.49768 18.6316 378.432 248.832
-15.6486 -15.6526 126.121 518.4 96.768
0.166653 -5.61242 31.4667 613.44 53.568
-13.9352 -10.0946 61.3839 442.368 65.664
-12.6034 -2.2408 40.0543 376.704 145.152
-10.4879 -4.2639 52.6512 464.832 127.872
-7.70315 0.789971 14.6419 203.904 228.096
-6.89647 0.862269 14.8345 250.56 231.552
-4.92845 1.37394 12.3792 297.216 273.024
-5.26615 1.63375 12.0104 264.384 293.76
-11.8725 0.109615 16.47 57.024 191.808
-7.9334 1.56028 11.4703 65.664 293.76
-9.16485 -2.24004 20.0742 264.384 100.224
-11.9727 -0.427421 23.2492 221.184 172.8
-11.7453 -1.89007 22.5637 217.728 122.688
-11.2137 -0.10758 24.0491 259.2 183.168
-11.9647 -1.43741 16.3455 46.656 119.232
6.31307 -0.550775 8.95446 1178.5 136.512
-9.01603 -2.98847 66.6842 510.106 153.446
-6.25992 -0.536459 91.4764 555.725 180.403
-11.0404 -5.74825 146.449 553.651 157.594
-4.80362 1.27798 31.9162 487.296 215.654
-6.04509 0.681933 35.5631 483.149 199.066
-7.82068 -1.55659 12.8298 134.784 91.2384
-9.00085 -1.71251 13.0663 72.576 82.944
1.87085 0.343759 28.1312 655.258 196.992
2.67593 1.20071 19.2732 713.318 232.243
0.826176 1.52894 9.02487 682.214 323.482
0.318926 1.49646 8.55225 638.669 327.629
0.86629 1.50132 12.0203 663.552 284.083
0.0945761 1.4106 17.8574 617.933 242.611
-0.770688 1.38263 20.3735 580.608 236.39
-0.538636 1.45697 11.6652 568.167 286.157
-5.47332 0.714392 17.2421 367.027 217.728
-1.46581 1.53401 8.76682 466.56 329.702
-10.6603 -6.31634 63.7575 485.222 111.974
-12.948 -1.58475 43.455 389.837 159.667
-10.4614 -2.87779 51.4406 458.266 145.152
-5.56573 1.17723 14.6452 315.187 248.832
-11.9861 0.110663 16.6275 55.9872 190.771
-8.37992 1.29846 14.8669 174.182 252.979
-6.45144 1.57161 11.7949 178.33 290.304
-12.5127 -0.445493 24.2322 221.875 172.109
-11.8135 -1.87952 22.8166 217.728 122.342
-11.3249 -0.0746377 24.2153 257.126 182.477
-12.0602 -1.44067 16.3826 45.6192 120.269
-11.4027 -1.42713 19.2781 161.741 130.637
-11.8839 -1.44471 18.8088 126.49 128.563
3.92393 0.464764 14.047 823.219 211.507
6.29707 -0.523497 8.91419 1177.8 136.858
-8.57719 -1.38269 12.7079 79.6263 102.021
-7.76682 -1.67376 12.7706 136.858 87.0912
-8.21238 -1.67074 12.8843 111.974 87.0912
-4.83391 1.47657 13.3039 325.97 273.715
0.813078 1.53912 9.16019 681.8 323.482
-2.08878 1.52303 14.8383 497.664 263.762
3.36671 0.917122 10.6707 860.959 253.809
-3.56433 1.5708 12.8631 393.155 281.18
6.02799 -0.160019 27.2863 773.868 181.647
4.15085 0.454829 15.0088 823.634 211.507
0.143515 0.459352 57.0869 609.638 194.089
-13.1323 -0.502931 25.4321 221.461 171.694
-12.1318 -1.93536 23.4946 218.972 124.416
-30.6716 -29.9992 244.459 517.571 97.0445
-12.7609 -9.15144 72.121 477.758 94.5562
-17.9164 -15.993 98.9249 477.758 69.673
-2.35151 1.51527 16.0695 495.176 258.785
-11.5241 -1.41855 19.5293 159.253 131.881
-14.4014 -11.4666 72.8065 462.828 69.673
-7.6198 0.724812 14.5605 209.019 228.925
-5.61753 1.16337 14.7276 316.017 248.832
-8.0422 1.24922 14.303 174.182 253.809
-11.5534 0.0843733 16.0273 57.2314 191.601
-11.8127 0.0634707 16.387 47.2781 181.647
-12.0197 -1.44677 16.452 47.2781 119.439
-6.11873 1.09389 25.5439 427.991 216.484
-12.1164 -2.05825 40.8548 390.666 149.299
-3.88131 -5.35231 55.5876 557.384 114.463
-8.77728 -1.67674 12.7934 72.1613 84.6029
-9.86996 -2.7637 48.2026 457.851 141.834
-4.65572 1.58257 12.8135 328.458 274.711
4.28722 0.512901 15.5019 821.146 209.019
6.89495 -0.358271 13.4029 1015.23 164.229
6.659 -0.32624 12.8746 1009.26 164.229
-0.71145 1.3212 20.3007 582.267 235.893
-15.4571 -13.7976 85.3458 477.758 68.6776
2.62914 1.16505 19.1279 710.664 232.907
-12.7604 -2.06446 24.6456 220.963 125.411
-7.40826 0.818382 14.4246 206.033 223.949
-8.28278 -1.66699 12.9948 119.439 77.6356
-8.67846 -0.558343 12.8579 86.5936 146.313
-2.29412 1.46437 15.5297 498.659 256.795
-8.47092 1.30933 14.9913 173.187 253.809
-5.26422 0.705021 14.1629 322.486 223.949
-10.9532 -6.50404 54.2299 459.842 98.5375
-5.26232 0.713036 16.6504 367.276 217.977
-9.12351 -3.22446 21.4195 286.655 71.6636
-6.1318 0.31281 25.5985 429.982 194.089
-0.245265 -6.21293 147.811 606.155 155.271
-11.2721 -3.07975 55.0505 456.856 140.341
-8.289 -1.53448 72.4953 525.533 170.201
-10.381 -0.809427 63.1381 489.701 176.173
-8.86723 -3.03038 65.5837 510.603 149.299
-7.22945 1.54614 11.7261 134.369 292.626
-0.543387 1.45862 11.424 570.323 286.655
-2.06161 1.48851 14.502 495.673 265.753
0.832818 1.51496 12.2661 662.889 283.669
-12.5013 -0.108887 24.3413 225.74 171.993
-12.3427 -2.00225 23.9029 222.157 125.411
2.01623 0.530269 32.347 652.139 197.075
-8.82535 -2.12923 19.5691 265.155 100.329
-8.31338 1.01931 14.4284 164.826 240.073
-7.93925 0.693731 15.2113 189.909 207.825
-6.95367 0.799113 14.439 240.073 229.324
-7.90826 0.727363 15.0317 207.825 222.157
-8.69831 -0.541693 12.8873 85.9964 143.327
-27.572 -18.7499 151.077 476.563 93.1627
-10.7147 -4.56394 46.0687 440.731 114.662
-17.3546 -12.6905 79.8722 447.898 71.6636
-4.86053 1.36008 20.8981 433.565 236.49
0.463348 -3.77578 28.21 619.89 78.83
-12.5395 -5.38153 40.207 379.817 85.9964
-9.43514 -2.68779 45.7681 455.064 139.744
-10.6829 -2.18443 91.2126 523.145 168.41
-7.81699 -3.06278 53.419 483.73 132.578
0.277685 -8.7915 110.456 612.724 128.995
-5.936 -7.26611 86.7429 558.976 125.411
-8.81211 -1.71913 12.8441 82.4132 96.7459
-8.42188 -1.70222 13.1271 107.495 85.9964
-8.95354 -2.17348 15.1374 161.243 78.83
-7.73263 1.182 13.7525 171.993 254.406
-9.32697 1.2793 13.5671 75.2468 261.572
-5.57399 1.2127 14.8298 297.404 254.406
-0.589601 1.44779 11.0973 569.726 286.655
-2.40356 1.46632 16.2705 494.479 254.406
0.164909 0.710328 65.5966 609.141 193.492
5.73027 -0.228601 26.438 770.384 179.159
0.684494 1.24515 10.0816 659.305 283.071
2.65752 1.22731 20.1501 709.47 232.907
3.5195 0.207436 9.44715 902.962 200.658
6.56741 0.351166 10.6136 1100.04 211.408
