-4.62286 0.524192 78.7615 565 189
5.92386 -3.98714 79.1418 662 147
-3.39324 1.57744 11.7163 381 291
-6.4337 0.592395 13.398 236 220
-15.606 -11.0599 51.8909 388.8 28.8
-30.3766 -19.725 89.0581 361.2 24
-3.99904 -5.69575 60.9147 560.4 116.4
-13.6092 -10.0252 59.9479 442.8 63.6
-4.94151 -5.13254 45.4291 520.8 108
-15.2552 -10.7229 83.5889 475.2 91.2
-11.8617 -5.67447 28.8858 303.6 39.6
-9.28345 -2.29175 19.3326 246 97.2
-12.0017 -7.05247 71.1881 493.2 114
-5.78825 1.06226 24.0248 423.6 216
-6.23808 -0.153246 49.7188 517.2 183.6
-8.58974 -4.80823 118.307 556.8 154.8
6.46375 -0.341291 11.564 1047.6 160.8
4.12791 0.507619 13.6238 844.8 213.6
2.64764 1.13842 17.4922 724.8 234
-5.44008 1.56961 15.0877 331.2 265.2
0.223975 -5.0608 27.7252 613.2 48
-17.1607 -15.3905 84.9635 460.8 54
-6.76726 0.843744 13.5434 220.8 235.2
6.44567 -4.54256 87.7439 662.4 146.88
-11.3766 -6.89553 55.5608 459.36 95.04
-16.5281 -11.502 78.5839 455.04 79.2
-14.301 -14.0216 101.592 506.88 87.84
-15.1566 -14.4782 97.9865 496.8 76.32
-4.5701 1.20472 30.0866 495.36 216
-11.2598 -4.71096 63.6373 478.08 129.6
-11.1685 -2.15279 56.8621 465.12 156.96
-7.71782 -1.38844 29.1704 411.84 149.76
1.1705 -7.3572 175.034 612 154.08
-7.08142 -10.5964 252.096 587.52 154.08
-7.65777 -4.62003 182.323 578.88 165.6
-5.53931 -0.0883828 52.2617 529.92 184.32
-6.33227 -0.084416 49.9161 515.52 182.88
2.8337 1.13432 9.84985 839.52 279.36
2.4173 1.29174 20.7344 689.76 233.28
3.53407 -4.2846 25.2014 712.8 57.6
-0.0141324 1.54954 8.51702 606.24 335.52
-5.32267 0.704339 15.9298 352.8 218.88
0.225405 -5.13194 27.9023 614.88 48.96
0.0998358 -6.82925 88.9104 609.12 129.6
-9.20207 -5.59538 35.5275 417.6 69.12
-13.8769 -10.2446 60.7547 442.08 63.36
-5.41678 0.885488 13.6058 300.96 237.6
-11.4951 -3.87806 22.443 223.2 56.16
-11.2693 -0.110419 24.6836 266.4 182.88
0.952655 -8.81186 179.876 611.712 148.608
-5.78333 0.93948 23.4625 423.36 216
-8.32501 -3.56707 57.9932 499.392 136.512
-5.91475 -0.506879 86.4325 558.144 181.44
-6.97202 -4.20631 165.996 578.88 165.888
-8.39237 -1.90595 18.2157 259.2 107.136
-7.98289 -2.75652 59.6567 511.488 152.064
2.92213 1.1896 10.2066 838.08 279.936
2.814 0.621773 41.4459 660.096 195.264
0.863721 1.49092 10.7407 672.192 295.488
-2.36053 1.41784 15.9792 497.664 255.744
-5.82252 0.400025 49.7139 523.584 190.08
-4.48149 0.655827 60.5636 554.688 193.536
-5.42373 1.48576 17.0114 368.064 252.288
-3.84922 1.61408 11.8659 354.24 293.76
-14.3593 -14.363 115.73 518.4 95.04
-16.1499 -14.3062 88.4913 475.2 67.392
0.236194 -5.37757 29.2378 613.44 48.384
0.746613 -5.68468 92.4211 613.44 141.696
-13.0418 -9.49091 56.753 440.64 63.936
-12.2754 -2.13529 38.1684 369.792 143.424
-12.8607 -0.505322 58.4413 447.552 179.712
-11.2699 -4.66607 58.6244 468.288 127.872
-11.2188 -3.26446 41.7441 411.264 129.6
-6.68414 0.85676 13.4519 222.912 235.008
-7.42366 0.785804 13.203 177.984 233.28
-5.40832 0.906169 13.6322 300.672 238.464
-8.36209 1.30245 13.8126 141.696 260.928
-7.22592 1.61361 10.8626 82.944 304.128
-8.75086 -2.17286 18.3297 245.376 96.768
-10.7594 -0.0684666 22.2132 245.376 183.168
-11.9731 -0.0376902 22.2867 203.904 184.896
-11.4446 -1.85415 21.0845 198.72 120.96
-11.4612 -0.112299 25.1039 266.112 183.168
-11.1143 -2.59426 18.068 141.696 77.76
-11.9026 -1.43009 39.2142 377.395 167.962
-8.23612 -2.72996 60.9158 510.106 151.373
-7.0021 -0.69973 96.4406 557.798 180.403
-10.3623 -5.39519 137.454 553.651 157.594
4.14733 0.495516 13.8148 841.882 211.507
0.812231 1.49662 8.4857 686.362 327.629
6.01432 -4.05826 34.6408 734.055 97.4592
3.52902 -4.27848 25.1655 711.245 58.0608
-0.535198 1.45027 10.3442 570.24 294.451
-14.7611 -14.5994 118.968 516.326 95.3856
-15.5672 -10.9422 85.2986 476.928 91.2384
-11.0559 -2.98018 53.2708 456.192 143.078
-14.0567 -3.81977 49.7298 410.573 128.563
-5.4029 0.908446 13.6665 302.746 236.39
-5.15716 1.61968 10.8023 232.243 304.819
-4.78876 1.35522 11.0977 269.568 282.01
-11.0218 -0.10121 22.625 244.685 182.477
-12.0191 -0.411298 22.3722 203.213 172.109
-11.7541 -1.90431 21.6548 199.066 120.269
-11.9354 -2.02572 30.8414 319.334 136.858
-7.54434 -1.50213 11.4611 91.2384 85.0176
-11.678 -1.41283 17.4459 97.4592 124.416
3.43931 0.92217 9.77966 893.307 263.762
-6.53761 1.59611 10.9499 136.858 301.087
-8.03077 1.25662 13.3266 154.276 263.762
-2.21959 1.56679 14.4798 490.199 271.227
-3.83639 1.71558 12.8754 375.736 291.133
0.844325 1.49454 10.8758 669.358 293.622
4.06558 0.48575 13.5425 841.052 211.507
-3.64366 -5.16978 52.1841 557.384 111.974
2.55728 0.334476 24.5741 684.288 191.601
-0.748257 1.39742 19.7806 582.267 238.879
0.124685 0.606063 49.5966 612.127 191.601
-54.4207 -53.2277 433.744 517.571 94.5562
-16.9037 -11.8431 93.3333 477.758 92.0679
2.6438 1.169 17.962 721.613 233.902
-18.512 -14.8175 91.6539 462.828 69.673
-11.7467 -1.39672 17.5484 99.5328 126.904
-11.6743 -0.3995 21.7304 204.042 171.694
-12.1643 -1.91331 22.468 201.554 121.928
-7.99579 1.23269 13.2685 141.834 261.274
-5.34576 1.22292 13.5697 293.622 253.809
-10.9335 0.124156 32.0549 355.83 189.112
-9.73889 -2.86706 46.6125 450.386 139.346
6.6597 -0.346463 11.7393 1050.07 161.741
-2.26471 1.46922 14.5108 489.701 271.725
-6.7508 1.52344 10.2556 86.5936 304.57
-8.2761 1.29203 13.702 140.341 259.781
-4.6418 1.40658 12.214 325.472 265.753
-0.631837 1.24859 18.029 582.267 238.879
-11.4869 -1.38952 18.4239 134.369 128.397
-17.2233 -15.3743 95.0982 477.758 68.6776
2.87794 1.30966 20.1233 731.566 235.893
5.76654 -3.49479 75.6345 662.889 149.299
-8.96096 -2.04363 19.2752 256.795 104.509
5.53616 -3.85931 32.9426 731.566 74.6496
-2.20537 1.56832 14.1306 498.659 253.809
-12.3483 -0.45454 22.9851 209.019 173.187
-9.37728 -2.80437 44.5849 453.87 140.341
-0.222464 -5.63534 134.069 606.155 155.271
-8.09871 -0.641848 109.447 555.393 179.159
-8.04872 -1.67768 12.2792 95.5515 77.6356
-8.13596 -1.61042 11.7869 65.6917 77.6356
-5.08129 0.673204 12.8079 301.584 226.935
-7.82058 -1.44776 68.3986 525.533 170.201
-7.16071 -3.49051 73.334 537.477 149.299
-7.7378 -2.88324 57.2302 507.617 152.285
-0.571375 1.46929 10.4799 567.337 298.598
4.18677 0.465744 14.0766 839.062 212.005
6.56468 -0.34152 11.5718 1054.05 170.201
0.127548 0.5494 50.7353 609.141 193.492
-11.2585 -0.360789 21.2313 207.825 171.993
2.54467 0.669248 40.8249 655.722 193.492
-8.42858 1.00998 13.2525 111.079 247.24
2.75924 1.26798 19.4829 716.636 232.907
-6.6514 0.793117 13.0215 211.408 232.907
3.00001 -0.151841 17.5607 734.552 175.576
-5.24333 1.47167 14.9457 336.819 261.572
-11.4545 -4.93011 36.0842 372.651 82.4132
-19.4207 -13.6508 106.413 476.563 93.1627
-8.34923 -3.55635 35.898 437.148 114.662
-15.9538 -11.3749 71.5917 447.898 68.0805
-7.46011 0.685707 13.4004 171.993 225.74
0.459435 -4.17192 27.9718 619.89 75.2468
-8.70513 -2.16782 18.2872 254.406 103.912
-11.8971 -1.85983 22.2026 204.241 121.828
4.93593 -3.11607 31.4539 723.803 111.079
-9.33867 -0.728152 56.7983 476.563 197.075
-5.24371 0.721378 13.0345 297.404 229.324
-9.97459 -3.54695 22.324 272.322 71.6636
-6.35956 -0.757367 87.5908 555.393 179.159
0.75789 -9.02049 113.333 612.724 125.411
-9.85148 -2.99155 46.5317 451.481 139.744
-8.37264 1.3203 13.7983 139.744 261.572
-6.62285 -8.10686 96.7799 551.81 114.662
-2.3682 1.44475 16.0312 469.397 261.572
-0.530731 1.43816 10.2579 566.143 297.404
-2.24126 1.4529 14.755 490.896 261.572
5.78508 -0.147087 25.0812 777.55 179.159
4.50481 0.223232 13.6174 867.13 197.075
6.46462 -0.341336 11.5656 1053.46 161.243
6.50153 0.340168 9.48376 1160.95 211.408
