-5.35013 0.719679 12.6849 279 230
-5.73268 0.45454 12.6724 256 213
-5.71395 1.58474 17.3172 357 255
-5.39329 1.56363 14.0883 314 270
-3.91396 1.57642 15.3585 412 264
-5.68165 1.23598 12.9171 265 260
-5.38673 0.943126 12.6054 275 243
-7.7195 -1.5946 10.7921 41 70
-8.33935 -1.51481 11.2012 20 78
6.43404 -4.4863 84.3895 663 146
-8.31684 -1.71302 18.0518 258 113
-8.51938 -2.12157 17.8969 246 95
3.82136 -0.710202 7.27092 1048 105
4.11599 0.515509 12.442 867 218
2.70023 0.88461 13.5923 763 236
-5.32039 0.923696 15.1653 338 232
-6.77366 0.873196 12.6084 189 240
-11.9114 0.111918 16.816 66 190
-11.8933 -0.391039 17.3351 85 168
-8.1936 -1.12988 10.9441 19 105
-12.0101 -1.44204 18.4401 114 125
0.222765 -5.26363 27.5755 615.6 43.2
-5.85096 1.02642 11.9423 225.6 252
-5.68353 1.55133 9.63157 135.6 314.4
-16.6043 -11.9094 54.4549 385.2 26.4
-31.4645 -20.6041 91.8729 358.8 22.8
3.33514 0.835659 16.3308 766.8 223.2
2.86296 0.723075 15.8547 748.8 220.8
-8.03319 -1.2561 10.8508 22.8 93.6
-7.5977 -1.49847 10.6425 42 74.4
-4.56874 1.54933 18.0263 414 253.2
-5.32264 0.712677 13.5589 303.6 225.6
-2.6955 1.58756 10.0297 394.8 309.6
-8.35442 -1.74598 18.1333 258 112.8
-14.312 -14.626 111.595 507.6 86.4
-15.524 -11.0642 84.4188 474 90
-14.0709 -13.9389 97.0791 502.8 80.4
-7.46365 -1.70077 18.7471 298.8 122.4
-11.9735 -5.7553 28.2954 294 33.6
-7.96305 -1.95205 10.7763 22.8 42
-8.58516 -2.16304 18.0351 246 94.8
1.69231 -5.13789 24.4247 660 27.6
-9.60462 -6.6511 236.508 579.6 164.4
-6.95198 -4.23909 97.6206 556.8 153.6
3.32511 1.12179 8.1633 942 298.8
10.9209 -1.66252 16.7816 1111.2 109.2
3.77706 -0.711966 7.18663 1047.6 104.4
5.3491 0.341204 13.7917 912 205.2
2.81372 1.12863 8.65096 871.2 292.8
2.69643 1.13949 16.4535 733.2 237.6
0.903511 1.52103 9.86965 680.4 308.4
0.874808 1.52956 7.59428 699.6 351.6
-1.94573 1.45699 15.0086 514.8 254.4
-1.29712 1.48462 11.6275 520.8 285.6
-0.211484 1.50589 7.52876 584.4 350.4
-0.320464 1.46351 10.8701 584.4 291.6
-5.09612 1.4671 17.9408 388.8 249.6
-2.49616 1.58377 7.86345 348 350.4
-2.06095 1.52385 11.557 466.8 289.2
-13.17 -9.74365 57.3108 440.4 61.2
-5.10322 1.64725 9.80372 192 319.2
-4.56837 1.60898 10.8314 274.8 302.4
-12.5962 0.753704 17.0463 43.2 218.4
-7.66402 0.833848 12.5442 136.8 235.2
-11.4016 0.0937583 17.8101 121.2 188.4
-6.55297 1.63107 10.0399 86.4 315.6
-7.26956 1.64418 9.95019 25.2 316.8
-11.7137 -0.0351446 20.7814 183.6 184.8
-11.6649 -2.69427 18.0644 117.6 72
-11.9876 -0.415916 17.3669 82.8 166.8
-11.7038 -1.40705 16.523 66 121.2
-5.34401 1.26525 12.6704 279.36 262.08
-5.56958 1.19022 12.6224 264.96 259.2
-5.41315 0.912509 12.6672 275.04 241.92
-11.3391 -6.90296 55.0041 456.48 93.6
-5.27778 0.710632 13.8875 313.92 224.64
-8.37612 -0.241079 18.805 269.28 175.68
-9.13944 -2.23217 18.1896 226.08 90.72
-5.486 0.702028 15.3933 335.52 221.76
-14.7007 -14.2682 104.431 506.88 86.4
-14.5965 -14.3369 94.3655 496.8 74.88
1.83961 -4.3969 25.0423 658.08 54.72
-11.9346 -2.27607 56.0029 453.6 155.52
-2.73962 1.58518 10.1939 390.24 312.48
-11.6859 -5.08489 65.0229 476.64 128.16
1.28932 -8.37225 192.802 613.44 154.08
-17.8519 -27.5969 635.519 591.84 152.64
-8.15181 -2.16476 17.6403 256.32 92.16
-7.95922 -1.46921 29.1628 406.08 148.32
-8.26467 -5.72319 203.513 578.88 165.6
-9.87962 -5.05483 133.515 555.84 155.52
-6.73701 -0.234988 52.5306 515.52 182.88
3.47844 0.573612 12.5775 825.12 221.76
2.82624 0.63504 13.1238 776.16 224.64
4.16473 0.488643 12.6425 866.88 217.44
2.36415 1.50848 7.98604 851.04 339.84
2.553 1.06626 15.7117 732.96 237.6
0.889111 1.50617 9.86222 681.12 308.16
0.205298 1.46667 9.96675 624.96 303.84
6.77397 -4.84692 88.848 663.84 146.88
-0.443364 1.35948 17.5187 588.96 244.8
-1.32527 1.49815 11.7336 519.84 285.12
-0.334113 1.42698 10.8224 584.64 290.88
-0.491982 1.45221 9.50893 567.36 309.6
-5.39196 1.42145 17.6833 375.84 246.24
-3.40863 1.59413 10.8329 358.56 300.96
-2.37312 1.56946 8.96947 396 326.88
-2.03885 1.48005 11.3446 466.56 289.44
-14.1264 -10.4512 61.4728 440.64 60.48
-6.94753 0.893296 12.8987 190.08 239.04
-5.09931 1.63236 9.79621 191.52 319.68
-5.33268 1.54046 13.8795 311.04 270.72
-4.56351 1.58698 10.7843 275.04 302.4
-8.64272 0.99107 12.5464 70.56 247.68
-11.9252 0.0886275 16.8354 67.68 190.08
-11.4819 0.0693182 17.8967 120.96 188.64
-11.6091 -3.90449 21.7216 205.92 48.96
-11.6741 -1.86058 20.5087 178.56 116.64
-11.519 -2.65484 17.8001 116.64 72
-11.7263 -1.40975 16.5547 66.24 120.96
-8.61773 -1.91108 17.7916 240.192 103.68
-9.34593 -2.3021 18.5492 226.368 91.584
-5.29478 0.680213 14.9149 335.232 221.184
-8.2437 -1.59762 18.1673 264.384 119.232
-13.4451 -13.206 86.9217 495.936 76.032
1.31833 -12.8869 248.922 613.44 148.608
-5.98185 -0.0918282 54.299 528.768 184.896
3.84251 -1.12512 6.56407 1104.19 39.744
3.46275 -0.584383 6.97638 1021.25 117.504
2.61795 0.834584 9.71032 824.256 255.744
3.45261 0.549224 12.4216 825.984 221.184
4.63589 0.254972 12.3975 900.288 202.176
4.0135 0.485796 12.1322 865.728 217.728
2.6948 1.25041 9.79325 825.984 285.12
3.05992 1.05879 8.77025 893.376 279.936
2.81369 1.13347 8.68804 869.184 292.032
0.930682 1.43191 16.3948 649.728 252.288
2.54699 0.471915 34.6718 661.824 195.264
2.60677 0.835736 13.1218 762.048 236.736
2.65521 1.08621 16.3407 730.944 236.736
-2.30893 1.46223 15.0626 489.024 264.384
-4.55807 0.667034 61.5985 549.504 193.536
-0.250619 1.49828 10.4787 587.52 300.672
-4.43072 1.49253 15.5982 390.528 259.2
-3.77473 1.6091 10.6331 328.32 305.856
-2.56726 1.49647 10.074 406.08 304.128
-20.5656 -18.3912 111.835 475.2 65.664
0.259817 -5.23725 27.4373 615.168 43.2
-18.125 -12.6495 85.6102 454.464 77.76
-14.4031 -10.5285 61.9271 438.912 60.48
-11.0826 -4.63516 57.2356 461.376 124.416
-12.8131 -3.67138 46.9477 407.808 127.872
-6.82152 0.861702 12.6975 190.08 240.192
-5.43312 0.933562 12.7139 276.48 241.92
-8.31868 0.123526 18.5601 274.752 190.08
-5.36424 1.53016 13.9617 309.312 271.296
-5.66024 1.32025 12.3602 250.56 269.568
-11.9935 0.112911 16.9653 67.392 190.08
-7.69468 0.809516 12.7102 141.696 236.736
-8.21736 1.30056 12.6709 105.408 267.84
-11.347 0.0685037 17.6864 120.96 188.352
-6.47979 1.61285 9.92776 86.4 316.224
-8.1684 -2.97405 18.3961 271.296 65.664
-11.2381 -0.0687488 22.3047 229.824 183.168
-11.9171 -1.89931 20.9356 179.712 117.504
-7.71283 -1.51234 10.741 41.472 74.304
-11.4006 -2.65207 17.6172 115.776 70.848
-11.6052 -2.85022 17.6301 107.136 62.208
-12.137 -0.421951 17.6189 82.944 167.616
-11.917 -1.40651 16.7909 65.664 120.96
1.00223 -3.5972 26.8757 638.669 85.0176
-8.47641 -1.90408 17.4998 238.464 101.606
-9.05218 -2.21085 18.0159 226.022 91.2384
-4.9303 1.26381 30.5026 487.296 215.654
-8.07776 -1.96707 18.0787 267.494 103.68
-5.89628 -0.612701 84.4458 557.798 180.403
-12.3115 -6.41002 163.309 555.725 155.52
3.7805 0.846961 8.14132 991.181 271.642
3.07661 1.06034 8.78306 889.575 282.01
2.85329 1.15438 8.84831 868.839 290.304
4.04455 0.493707 12.3298 864.691 215.654
0.232943 -5.50411 28.8354 613.786 43.5456
2.79904 0.653617 12.4352 781.747 230.17
10.6885 -1.40025 15.4346 1130.11 111.974
3.42313 -0.590601 6.93543 1020.21 118.195
0.88235 1.49471 9.78722 678.067 306.893
0.393474 1.48181 8.89269 644.89 321.408
0.207421 1.46783 10.0698 624.154 302.746
-5.16407 1.6443 9.86788 190.771 317.261
-11.6994 -1.42063 17.8487 109.901 124.416
-2.25858 1.47309 11.6644 460.339 284.083
-11.2175 -2.60388 17.2971 114.048 70.5024
-8.26944 1.32654 12.7512 103.68 267.494
-3.42579 1.59613 10.7449 356.659 300.672
-12.2555 -0.285653 18.3085 99.5328 172.109
-11.9137 -1.38549 16.8193 66.3552 120.269
0.885296 1.40946 16.399 649.037 250.906
-5.37374 1.55489 13.8361 311.04 265.421
0.16866 1.44275 15.5295 615.859 255.053
-7.74088 -1.50285 10.78 39.3984 74.6496
-7.79004 -1.60917 10.8907 41.472 68.4288
-15.8751 -11.4006 86.9856 476.928 89.1648
-13.9089 -11.8687 73.4144 474.854 64.2816
3.73744 -1.23206 7.13013 1047.17 41.472
-11.6953 0.110321 16.576 68.4288 188.698
-11.2232 -0.0993697 22.2137 228.096 182.477
-12.1418 -0.396994 21.5942 184.55 172.109
-12.1594 -1.94267 21.4136 180.403 116.122
-5.12303 1.47485 18.0355 385.69 248.832
-6.75394 0.872914 12.6044 190.771 238.464
-2.22327 1.50232 14.6366 489.37 263.347
5.64057 -3.92396 31.9758 740.275 95.3856
-8.43707 0.0726853 18.766 275.789 188.698
-13.1798 -3.61081 46.1731 398.131 126.49
-12.9815 -0.503698 58.2535 445.824 178.33
-10.1214 -2.82609 48.1231 454.118 141.005
-13.1079 -3.75583 48.0275 406.426 126.49
0.241757 -7.52026 96.165 611.712 124.416
-12.6776 -2.165 31.6225 311.04 134.784
-7.8672 -2.71657 58.7922 510.106 149.299
-0.494541 1.48636 9.55841 566.093 308.966
-0.503816 1.4736 9.73766 567.337 308.552
4.05488 0.447173 12.467 863.447 213.996
3.69213 0.807463 7.97493 990.352 271.227
-2.1759 1.45697 14.1948 490.199 263.762
0.453758 1.47029 9.37125 644.475 320.993
2.79019 1.04774 9.55994 853.494 268.739
-10.8987 -2.55326 16.8055 114.463 69.673
7.5493 -0.9795 11.5023 1127.21 119.439
-3.67204 -5.42953 52.5906 557.384 111.974
3.41493 -0.589185 6.9188 1020.21 116.951
-5.63876 1.29418 12.276 248.832 263.762
-5.48031 1.43763 10.2541 184.136 296.11
2.94509 0.81513 13.0841 781.333 228.925
-3.84767 1.62512 10.8386 330.947 303.575
-12.103 -0.426726 21.5786 181.647 164.229
-11.2804 0.0679541 17.5445 119.439 186.624
-12.2066 -1.92976 21.6025 181.647 116.951
-11.7234 -2.92881 17.8097 99.5328 57.2314
-6.5746 1.61555 10.0303 82.1146 313.528
-8.30994 1.31521 12.8137 104.509 266.25
-11.2507 -1.34227 17.1642 109.486 124.416
2.60399 1.11622 16.448 729.078 236.39
0.165799 1.3758 15.2661 617.103 256.297
-0.675688 1.36128 17.8622 579.779 243.855
-5.53685 1.53033 14.5161 313.528 266.25
-4.83195 1.42247 11.6484 283.669 283.669
-15.2562 -15.4312 122.959 517.571 92.0679
-16.1178 -11.5401 88.9942 475.269 89.5795
-7.87788 0.826889 12.9829 144.323 236.39
-12.4292 0.0925552 17.5816 67.1846 189.112
-16.2969 -11.4619 66.8699 430.479 59.7197
-5.63367 0.320137 48.1015 515.082 191.601
-6.87304 0.86821 12.7934 191.601 238.879
-7.18967 0.480021 13.3828 191.601 213.996
-11.8133 -5.05513 36.2609 360.806 92.0679
-5.47985 0.922785 16.2648 350.853 228.925
-8.95426 -2.05108 18.3808 238.879 102.021
-5.44825 1.17541 12.4653 268.739 261.274
-8.20116 -1.6447 18.1291 263.762 116.951
-13.5503 -3.98387 61.9665 455.363 141.834
-10.6739 -0.551993 63.8389 487.711 176.671
-8.24998 -2.90432 61.0184 510.106 149.299
-8.20405 1.42856 12.8713 111.974 271.227
3.39669 -0.384085 7.0406 1009.26 137.355
4.13217 0.455696 12.7046 862.95 214.991
-2.27766 1.52949 12.1109 462.828 268.739
-2.08259 1.55091 12.9963 483.729 277.697
2.71145 1.10431 9.70654 836.076 274.711
-5.01077 1.58639 9.60045 197.075 313.528
-5.70617 1.25401 12.3853 247.837 265.753
2.93007 0.752491 13.2632 776.356 223.949
-11.0995 -2.56548 17.042 113.467 68.6776
-7.95348 -1.68041 11.1626 62.7057 59.7197
-0.48207 1.37603 18.0557 591.225 244.851
-0.642641 1.34647 18.3372 579.281 241.865
-11.9069 -0.365277 21.4954 185.131 170.201
3.68253 -1.09271 7.06286 1036.14 74.6496
-5.33835 1.52008 13.6959 307.556 271.725
2.64404 1.11016 16.7009 728.58 235.893
-8.88065 1.11248 12.7374 71.6636 253.809
-11.9354 0.0652637 16.8499 68.6776 188.117
-11.8247 -1.41075 18.0399 107.495 125.411
-12.2165 -1.4658 17.2129 65.6917 119.439
3.04217 -0.238348 40.6429 662.889 182.145
8.85817 -5.85333 116.185 665.875 149.299
-6.7757 0.802131 12.325 182.145 235.893
-7.52018 0.81974 12.5956 137.355 235.893
-10.79 0.0649999 16.7818 119.439 188.117
-12.377 -0.402981 55.541 450.884 188.117
-5.90286 1.05064 23.0373 415.052 220.963
-7.29072 0.486768 13.5709 206.033 209.019
-8.16441 -1.60728 17.9925 262.767 116.453
-19.3697 -13.4299 90.8922 444.912 68.6776
-17.909 -13.0423 76.0907 438.94 59.7197
-8.52159 -1.93316 17.5427 238.879 101.523
-5.25665 1.05011 16.1353 352.346 226.935
-10.915 0.163786 31.1124 358.318 188.117
-5.30877 0.707118 12.4635 274.711 232.907
-10.9988 -3.22529 51.2769 450.884 140.341
-13.2731 -3.85119 48.3862 406.094 125.411
-12.0094 -0.218043 37.1805 361.304 176.173
-0.257287 -6.51748 155.056 609.141 155.271
-9.48687 -1.1298 130.664 555.393 179.159
-8.06498 -1.49301 70.5361 525.533 167.215
-9.84983 -5.08198 100.874 537.477 149.299
-3.55145 1.61663 11.0906 355.332 301.584
0.867645 1.52711 10.0912 677.818 307.556
3.14801 0.697924 6.79964 991.347 271.725
3.33058 0.906438 8.37699 931.627 271.725
-2.07669 1.52012 12.7383 480.146 286.655
-2.13877 1.54222 13.232 480.146 279.488
-11.849 -1.88716 21.1256 182.742 118.245
2.64653 1.14762 16.571 723.803 236.49
-7.13215 0.493371 13.2414 207.825 211.408
2.88745 0.470155 43.4173 659.305 193.492
-8.47483 1.08021 13.2096 93.1627 250.823
-8.68127 1.08534 12.6278 71.6636 250.823
-5.36051 1.53457 13.6553 318.903 265.155
-5.48232 1.21569 12.705 268.739 261.572
-12.4387 -0.392505 18.5436 96.7459 168.41
-11.5765 -1.45184 17.9276 107.495 125.411
-10.6078 -4.90166 32.5608 376.234 78.83
6.69916 -0.53969 37.9768 741.719 168.41
0.884791 -3.83627 30.5681 644.973 100.329
0.475813 -4.44153 28.9689 619.89 68.0805
5.61828 -3.90846 31.8494 734.552 96.7459
-6.76467 0.798804 12.2739 179.159 236.49
-7.73373 0.705378 12.7454 136.161 229.324
-7.22655 0.436026 13.1784 182.742 211.408
-7.29195 -2.02406 17.6975 293.821 100.329
-12.2581 -3.62703 56.4162 451.481 139.744
-8.67369 -2.00585 17.7542 236.49 100.329
-8.59243 -2.11025 17.1961 229.324 93.1627
-10.4838 -4.38688 44.2814 433.565 111.079
-16.9683 -11.9271 92.976 472.98 89.5795
-5.41963 0.778154 15.207 333.236 222.157
-5.24427 0.740239 12.1533 272.322 232.907
-6.46729 0.305117 24.969 415.649 193.492
-6.72491 -0.800877 92.6227 555.393 179.159
0.560708 -8.72106 105.87 612.724 125.411
-9.50296 -3.1504 68.1811 501.645 150.494
-12.1968 -1.42119 17.2527 68.0805 121.828
-8.35894 1.32014 12.8617 100.329 265.155
-2.07973 1.50947 12.649 462.23 268.739
-5.36865 1.49896 16.1346 343.985 254.406
0.151862 0.65413 60.4069 612.724 189.909
0.876954 1.5293 10.1995 673.638 304.57
4.52993 0.205468 12.5338 895.795 197.075
