5.70093 -3.6702 70.8934 666 151
-13.6521 -13.4093 88.2598 496 79
-5.15926 -8.4269 111.734 570 132
-8.74259 -1.949 15.7041 179 87
-5.31972 0.739146 28.2864 469.2 207.6
-3.82913 1.58853 13.1582 384 282
-5.86638 -0.0757143 44.7707 512.4 188.4
3.60212 -4.20582 22.3597 729.6 48
2.5857 -4.55671 21.6619 698.4 32.4
-16.3556 -11.3982 86.9671 472.8 92.4
-10.9804 -2.03025 53.6257 459.6 160.8
-4.55665 1.33884 26.1643 477.6 226.8
4.14218 0.580653 10.4917 922.8 232.8
2.62899 1.13532 14.1238 753.6 250.8
-0.483191 1.3488 19.0924 589.2 242.4
-4.32457 1.58309 12.1344 330 291.6
-14.9142 -13.498 72.8375 458.4 54
-17.3324 -4.62989 58.1697 392.4 129.6
-5.37139 1.58816 12.1732 265.2 290.4
-11.4317 -2.60289 15.8279 56.4 62.4
-11.654 -1.38584 16.0124 50.4 122.4
-10.5622 -0.842084 26.0745 306.72 164.16
-10.415 -1.93572 47.6287 447.84 159.84
-5.26766 0.118686 47.8161 527.04 190.08
-6.30658 -0.0805407 47.6246 512.64 188.64
0.257524 1.2781 27.1951 614.88 224.64
-18.3834 -12.7003 85.1522 452.16 80.64
-14.923 -10.2797 69.572 446.4 74.88
-9.82902 -5.95281 56.8926 482.4 112.32
-14.1092 -12.7242 76.7251 473.76 67.68
-8.9567 -2.18181 15.969 180 84.96
-5.53417 0.584903 21.2523 419.04 211.68
1.09883 -5.71736 136.021 614.88 159.84
-18.8963 -28.7644 707.752 590.4 159.84
-10.3316 -2.06445 58.854 479.52 162.72
2.81707 1.18489 6.66564 963.36 338.4
2.58871 1.11793 13.9074 753.12 250.56
2.52848 1.38788 18.2112 712.8 246.24
6.05731 -3.87752 31.5973 751.68 99.36
0.308512 -5.08684 25.1812 617.76 38.88
-15.6647 -4.20402 52.8191 388.8 129.6
-10.2125 -4.31723 42.388 430.56 113.76
-5.31069 0.947291 10.5113 208.8 262.08
-4.42118 1.59879 8.65537 198.72 336.96
-5.19715 1.25919 10.4302 214.56 285.12
-11.123 0.124883 15.5201 60.48 194.4
-6.84197 0.926639 10.7814 105.12 256.32
-11.3092 0.0198344 18.1794 138.24 190.08
-8.29274 -1.68492 16.1032 207.36 110.88
-11.2129 -3.76836 19.1828 167.04 40.32
-0.304239 -0.233338 52.1618 604.8 184.896
-10.4985 -4.46453 57.09 473.472 133.056
-14.0009 -13.589 99.4599 506.304 89.856
-5.86751 1.0195 21.0692 399.168 226.368
-8.03887 -2.09973 15.5263 212.544 84.672
4.15391 0.567661 10.5214 921.024 233.28
2.89097 1.21848 6.9087 962.496 342.144
2.81434 0.723768 10.8882 810.432 241.92
3.43968 0.618838 10.3976 872.64 238.464
6.83794 -3.45589 85.0326 668.736 158.976
-2.21259 1.52801 22.987 537.408 238.464
-5.56079 0.49645 45.8456 518.4 196.992
-0.305381 1.47624 8.71378 580.608 326.592
-16.2497 -14.5572 87.0479 473.472 67.392
0.312018 -5.10922 25.4673 616.896 38.016
-11.0478 -6.69399 52.1822 452.736 95.04
-14.1799 -10.4723 60.6048 435.456 62.208
-11.4389 -4.69763 57.0274 457.92 127.872
-12.2007 -3.49556 43.1637 400.896 129.6
-5.33044 0.95344 10.5795 209.088 260.928
-10.9631 -0.0337247 19.9418 195.264 188.352
-5.30091 0.739902 13.0414 292.032 233.28
-5.36337 1.20735 10.3588 196.992 281.664
-3.36297 1.60994 8.84903 300.672 336.96
-5.50189 1.58704 14.8579 319.68 271.296
-11.131 0.12473 15.5011 60.48 195.264
-6.6477 0.885756 10.4753 105.408 257.472
-11.6719 0.0466754 18.8045 138.24 190.08
-11.8315 -5.64637 28.1448 297.216 39.744
-10.5619 -2.43615 14.5675 55.296 62.208
-11.4074 -1.77524 18.1746 133.056 114.048
-8.3285 -1.69218 16.1726 205.286 105.754
-8.60275 -1.90084 15.8489 194.918 97.4592
-4.5599 1.28172 27.2721 483.149 223.949
-6.19907 -3.35125 85.3803 545.357 163.814
4.11929 0.566926 10.5078 920.679 232.243
0.288357 -5.32657 26.5508 617.933 39.3984
-11.9121 -2.71951 16.3983 53.9136 60.1344
-11.702 -0.286817 15.6012 41.472 182.477
6.43692 -2.18704 18.4493 872.986 99.5328
-0.313021 1.56278 9.301 580.608 325.555
0.177305 1.44243 12.9963 617.933 273.715
-6.64598 0.889427 10.5187 101.606 259.2
-7.65176 0.830133 10.6974 49.7664 252.979
-2.03138 1.52864 9.40939 435.456 319.334
-6.74003 0.914839 10.6441 107.827 257.126
2.5542 1.10302 13.722 750.643 250.906
2.50145 0.573032 32.2213 663.552 201.139
-10.828 -0.272176 17.4448 136.858 176.256
-11.3708 -1.76955 18.1164 132.71 114.048
-14.9984 -14.6733 118.23 516.326 97.4592
-15.7856 -10.8477 84.5615 474.854 93.312
-4.64555 1.55318 8.66964 174.182 333.85
-4.89869 1.41825 8.44082 136.858 327.629
-14.3139 -10.5311 60.4586 435.456 62.208
-0.886361 1.31645 18.6345 572.314 242.611
6.66086 -3.25117 82.8305 667.699 157.594
-5.27499 0.916925 10.4984 209.434 259.2
-11.8106 -1.96908 27.6377 290.304 134.784
-10.9449 -0.033584 19.8586 194.918 186.624
-7.9102 -1.50749 15.6564 223.949 114.048
0.906234 -3.4418 26.2606 634.522 91.2384
-10.3409 -4.30643 52.2784 462.413 128.563
1.10927 -6.7268 137.314 613.786 143.078
-7.16937 -8.25071 96.8881 555.725 126.49
-7.47807 -2.59413 15.1345 230.17 58.0608
3.70036 0.88239 5.94011 1142.55 317.261
-8.22383 -4.06914 80.7695 534.989 151.788
-8.97702 -1.97846 16.4962 194.089 97.0445
3.1552 1.08557 6.91911 995.328 323.482
6.38237 -0.947039 18.2929 870.912 149.299
-11.9352 -0.314087 15.8827 49.7664 184.136
-11.3183 -1.35718 15.4331 47.2781 121.928
-10.5524 -2.44483 14.4988 52.2547 59.7197
2.60063 0.893707 7.66787 890.819 283.669
-11.035 0.0805874 15.3082 57.2314 194.089
4.05969 0.544318 10.3558 920.679 231.414
-5.53375 1.63102 12.5017 263.762 286.157
2.31383 0.287454 19.161 699.218 199.066
-11.3034 -2.89928 18.0892 134.369 67.1846
-2.07076 1.55161 9.46974 435.456 320.993
-2.14144 1.48967 12.1987 472.781 286.157
-5.45142 1.23047 10.5573 199.066 281.18
2.36719 0.574401 29.9552 666.87 201.554
-20.8675 -21.1042 166.319 517.571 97.0445
-15.5934 -10.9957 84.7961 475.269 94.5562
-11.0934 -0.278848 17.8724 136.858 176.671
-11.8244 -1.81796 18.8808 134.369 114.463
-15.5803 -12.5131 76.0907 460.339 69.673
-13.2033 -9.71404 55.7677 435.456 62.208
-5.36201 0.932051 10.6716 211.507 258.785
-10.6793 -0.150474 25.6587 298.598 196.577
5.57341 -3.59383 29.2856 741.519 99.5328
-12.4172 -0.467221 54.0349 440.433 181.647
-11.7858 -4.93638 47.8139 427.991 114.463
0.641939 -4.8877 79.4639 614.615 129.393
1.17428 -3.44622 24.9692 649.452 94.5562
-11.6144 -1.92098 33.5044 353.341 146.811
-9.37595 -4.11296 60.0748 487.711 136.858
-0.244101 1.5179 8.27986 582.267 325.97
-2.26682 1.51705 13.0161 475.269 278.692
2.7367 1.19977 14.9255 749.482 250.823
-11.9027 -11.5869 76.2645 492.687 80.6216
0.188679 1.49648 13.83 621.085 274.711
3.56607 -0.0140346 46.7729 665.875 188.117
-6.36185 0.465355 10.2038 122.425 223.949
-5.40175 1.57724 12.0896 256.795 292.626
-5.40592 1.20564 10.4692 200.061 283.669
2.76593 0.75722 10.3124 821.146 250.823
-6.49779 0.871513 10.3068 107.495 256.795
-7.67635 0.891457 10.9014 56.7337 253.809
-10.4965 0.117166 14.5611 56.7337 194.089
-5.35284 1.5078 12.2081 265.753 286.655
-5.84062 1.30067 10.651 179.159 289.641
-11.3351 -0.31243 18.3855 140.341 176.173
-10.9865 -1.40881 17.7003 137.355 128.397
-6.04622 1.13549 21.6029 397.136 229.921
-5.1095 0.875002 13.4447 313.528 241.865
-11.7773 -1.96994 27.6498 292.626 137.355
0.60243 -4.20143 25.7664 624.071 65.6917
-9.41495 -2.70816 43.0554 447.898 143.327
-5.24208 -0.735118 101.318 555.393 185.131
0.822143 -7.15182 86.8203 615.113 128.397
-5.29811 0.769996 10.4864 212.005 247.837
-8.41721 -1.88141 15.5071 194.089 95.5515
-9.0238 -4.46497 88.6264 534.491 152.285
-7.8117 -2.69458 56.6118 504.631 152.285
-11.346 -1.35281 15.3834 56.7337 119.439
-11.1325 -2.56777 15.3545 56.7337 59.7197
-3.23027 -4.77632 46.2636 555.393 116.453
0.202618 1.49583 13.4774 615.113 265.753
3.63979 0.869888 5.85596 1140.65 316.514
-2.03368 1.54974 10.7342 458.647 304.57
-2.20007 1.51842 12.4342 476.563 279.488
0.342747 0.626311 51.2536 630.64 200.658
3.1181 -0.182948 40.8972 662.889 186.325
-10.5889 -0.00573596 19.1162 189.909 186.325
-9.84125 -0.31854 16.1078 139.744 175.576
-11.3404 -1.75134 18.1889 136.161 125.411
-8.61631 -1.95505 15.7528 193.492 96.7459
-11.8267 -1.78161 19.0539 136.161 114.662
-10.3118 -2.97496 46.2736 444.315 143.327
-5.74096 1.29633 10.4959 175.576 286.655
-6.3653 0.36916 22.5192 397.733 200.658
-10.9841 -7.72076 60.1862 472.98 93.1627
-10.9002 -4.53985 43.9732 429.982 114.662
0.569005 -4.21937 25.8764 623.474 68.0805
-4.97252 0.696448 12.2755 293.821 232.907
-4.65208 1.42983 9.36238 214.991 300.987
-5.29093 0.795897 10.4434 211.408 247.24
-8.42779 -1.93479 16.3214 214.991 100.329
4.82261 -2.74644 27.3389 738.135 114.662
2.99444 -3.60744 22.7047 709.47 68.0805
-0.402191 -5.17515 131.848 609.141 157.66
0.814283 -10.1999 121.766 612.724 128.995
-4.66985 -6.00104 68.2407 555.393 125.411
-7.59302 -2.74457 54.4779 523.145 171.993
-6.64297 0.82694 10.2874 107.495 257.989
-7.26686 0.517651 11.7076 107.495 222.157
4.1339 0.526798 10.5826 913.711 229.324
