-29.6972 -19.1359 85.3262 355 23
-8.30673 -1.06967 15.6239 200 134
3.72375 -3.34216 59.7412 653 145
6.60799 -3.84472 80.7757 667 152
-5.17523 1.65528 15.2975 347 269
-5.30327 1.53014 14.7083 329 268
-13.3499 -12.7523 86.3063 495 78
4.16187 0.642905 9.47346 961 242
7.60413 -1.76373 11.2985 1137 65
7.36747 -2.11869 11.6963 1104 45
6.34436 -0.143306 8.4331 1221 173
0.909211 1.54587 12.3769 667 280
6.30616 -3.38594 15.4819 920 20
6.37262 -3.43562 18.265 872 45
-1.86117 1.55316 12.7186 494 282
-2.54109 1.60724 8.90227 378 332
-4.25431 1.64114 14.0807 375 276
-7.17228 0.319869 12.241 150 207
-11.6366 0.118405 17.7907 110 191
-11.4942 -2.57412 15.0177 19 54
-11.4731 -1.71583 17.3197 103 110
6.29306 -0.517437 11.546 1036 152
-6.22149 0.544849 11.2599 172.8 223.2
-11.3136 -3.74075 18.5177 145.2 33.6
-3.41424 -4.76193 50.9277 559.2 117.6
-11.599 -5.45658 24.9498 262.8 24
2.67946 -4.52096 21.2114 703.2 26.4
-5.98215 0.174972 45.1746 511.2 189.6
-9.24745 -2.13772 15.4886 151.2 80.4
-13.2414 -12.6208 89.636 501.6 84
-13.672 -9.42689 72.6978 471.6 92.4
-11.6566 -4.71124 64.8599 477.6 134.4
-11.2002 -6.3712 64.3113 481.2 114
-10.569 -1.79836 51.2682 457.2 160.8
-4.47319 1.60849 15.671 391.2 262.8
0.625404 -4.16385 23.9044 627.6 56.4
-0.382705 -0.0895958 52.979 602.4 184.8
-8.3947 -1.67002 15.1549 182.4 100.8
3.57491 0.939912 5.45838 1186.8 338.4
4.10291 0.609744 9.36892 960 241.2
3.71892 0.888224 9.41967 925.2 261.6
2.61203 0.921617 6.63942 939.6 304.8
6.52045 -2.0618 11.3822 1058.4 45.6
2.34915 1.62127 9.33978 811.2 327.6
2.78555 1.47908 10.5497 817.2 297.6
1.14731 1.4796 18.4067 656.4 248.4
2.67833 1.20016 13.1147 765.6 256.8
2.47041 1.44655 17.1074 717.6 250.8
0.610957 1.54708 8.01336 670.8 344.4
0.266661 1.50886 12.9458 625.2 277.2
6.45216 -3.50423 18.493 872.4 44.4
6.38768 -0.918372 17.275 890.4 148.8
-0.454934 1.46997 17.9759 588 248.4
-0.819991 1.47184 18.3102 573.6 247.2
-1.21467 1.56118 11.0259 520.8 297.6
-0.467957 1.54776 10.1345 570 308.4
-5.02444 0.792038 26.1363 464.4 210
-2.37236 1.59725 8.51872 382.8 337.2
-3.93349 1.71338 12.7259 366 291.6
-2.04371 1.62561 8.7348 418.8 337.2
-2.41254 1.59644 12.6411 458.4 284.4
-16.1859 -11.3642 50.9891 375.6 24
-5.19805 1.09285 10.7936 226.8 266.4
-4.48248 1.66074 8.72785 193.2 339.6
-5.2621 1.63147 11.0867 235.2 301.2
-5.42493 1.3835 9.86795 171.6 297.6
-5.36484 1.61939 13.5702 302.4 278.4
-4.35756 1.61191 10.3658 273.6 309.6
-11.2979 0.202387 14.8695 22.8 195.6
-8.01679 -2.49185 14.6567 187.2 55.2
-11.389 -1.97223 15.8913 60 91.2
-11.4366 -1.71397 17.3009 104.4 110.4
-11.3462 -1.85682 50.9154 444.96 159.84
-5.30854 0.316708 47.5863 527.04 191.52
-5.77601 0.168943 43.618 511.2 188.64
-8.41938 -1.76961 14.7548 169.92 93.6
-16.4598 -11.1592 76.242 450.72 80.64
6.56692 0.218776 9.36999 1169.28 207.36
-13.1191 -12.4201 84.0582 493.92 77.76
-15.5061 -13.6599 83.0644 473.76 67.68
0.979097 -4.53163 22.128 642.24 33.12
-7.69399 -1.41311 16.0691 241.92 119.52
-4.46005 1.6255 15.625 393.12 263.52
-4.69942 1.52724 14.4868 358.56 267.84
-7.34912 -1.75873 15.761 252 99.36
1.7966 -6.91904 189.726 614.88 159.84
-11.4792 -2.07889 64.3712 478.08 164.16
-8.35212 -1.67831 15.0403 181.44 100.8
-8.38073 -2.01074 14.8683 175.68 83.52
6.79227 0.268716 10.2835 1134.72 208.8
6.26704 0.0211063 8.50328 1209.6 190.08
4.32864 0.812271 6.6516 1156.32 292.32
3.70385 0.874657 9.41468 923.04 262.08
6.54954 0.265654 11.3777 1061.28 207.36
2.61182 0.927497 6.61548 940.32 305.28
7.40806 -2.13508 11.7867 1104.48 44.64
6.57303 -2.08349 11.5019 1059.84 43.2
3.47697 0.658652 9.51055 901.44 243.36
2.66711 1.18504 13.1493 764.64 256.32
2.47947 1.45186 17.1701 720 252
0.619282 1.54006 7.97702 673.92 345.6
6.35323 -2.08497 16.9901 892.8 93.6
6.47781 -3.54399 18.5665 872.64 43.2
6.13452 -3.56924 74.9881 668.16 151.2
-0.461589 1.44073 18.2388 588.96 247.68
-4.34513 0.315048 59.8458 552.96 190.08
-1.21503 1.5463 11.0292 521.28 298.08
-0.301634 1.56164 7.97386 577.44 347.04
-2.54613 1.59802 8.91991 378.72 331.2
-4.45811 1.63216 14.8924 375.84 272.16
-2.13896 1.57033 11.5442 462.24 293.76
0.33433 -5.01863 24.506 619.2 34.56
-11.1763 -1.88527 31.3598 342.72 142.56
-5.23292 1.09701 10.8347 227.52 266.4
-5.24008 0.988599 10.0398 192.96 266.4
-5.09764 0.818144 11.8135 266.4 237.6
-4.50597 1.65276 8.74987 194.4 339.84
-5.69076 1.65193 11.7826 228.96 296.64
-5.43746 1.61084 13.6578 300.96 277.92
-5.29951 0.807836 9.71355 171.36 253.44
-11.7747 0.0945666 17.9636 110.88 190.08
-5.85783 1.09433 9.1703 96.48 282.24
-5.88599 1.02328 8.47605 41.76 283.68
-8.16356 -2.53103 14.8872 187.2 54.72
-8.37078 -1.57328 15.0362 181.44 106.56
-11.3308 -1.96596 15.8407 60.48 90.72
-11.2909 -3.25126 15.6632 57.6 27.36
-11.5907 -2.8169 17.4241 102.24 63.36
-4.58882 1.61321 16.1548 390.528 264.384
6.59941 0.233421 9.43508 1168.13 207.36
-11.3374 -6.59059 52.5151 461.376 101.952
-13.9664 -13.5105 110.095 508.032 93.312
-3.51486 -7.1674 119.224 582.336 153.792
-6.90329 -3.20289 95.0796 554.688 162.432
-8.40716 -1.88436 15.896 203.904 96.768
-7.55461 -1.23629 25.2363 385.344 152.064
6.72303 0.265976 10.1786 1133.57 209.088
6.78426 0.284019 11.4803 1071.36 205.632
4.3091 0.810337 6.63576 1154.3 292.032
4.11469 0.622587 9.36606 959.04 241.92
4.60781 0.395333 9.23157 1009.15 224.64
2.86891 1.05993 6.46891 984.96 328.32
7.65328 -1.7788 11.395 1137.02 63.936
7.32711 -2.11175 11.6579 1093.82 48.384
7.5595 -1.757 11.2554 1138.75 65.664
6.48571 -2.17549 15.9227 921.024 86.4
3.70654 0.878398 9.45494 915.84 262.656
1.30905 1.40404 17.1696 667.008 250.56
2.65829 1.18112 13.1058 763.776 257.472
2.49101 1.4447 17.0855 720.576 252.288
0.281535 1.53747 12.0415 620.352 285.12
6.51804 -2.14704 17.4959 891.648 93.312
5.78373 -3.46748 28.9114 756.864 98.496
5.87874 -2.63117 69.4978 670.464 160.704
-4.62059 1.44745 25.5125 473.472 229.824
-0.854001 1.43525 18.4951 571.968 247.104
-5.35761 1.53398 14.7452 328.32 267.84
-5.18302 0.811166 26.7675 463.104 209.088
-2.0362 1.60061 8.60046 416.448 338.688
-15.9926 -14.0885 85.6705 473.472 67.392
0.3156 -5.27538 25.7598 618.624 34.56
-14.5227 -12.7728 69.9748 456.192 53.568
-15.4486 -11.0545 64.4936 433.728 62.208
-10.914 -4.24674 58.4651 461.376 129.6
-12.3225 -3.34336 42.7531 397.44 129.6
-5.15142 0.988238 9.89632 193.536 267.84
-5.27486 0.802233 12.0686 266.112 238.464
-4.65987 1.7046 9.02435 193.536 340.416
-5.6759 1.64762 11.7518 229.824 297.216
-6.83363 0.963203 9.78189 50.112 266.112
-11.947 0.121822 18.3041 110.592 191.808
-7.06007 1.00918 10.106 46.656 269.568
-12.2033 -5.75228 28.2805 288.576 34.56
-8.01635 -1.44422 14.9992 196.992 112.32
-11.5347 -2.88155 18.4593 134.784 67.392
-12.0766 -1.3488 16.3739 44.928 124.416
6.62558 -2.11113 11.5657 1059.26 43.2
-8.64158 -1.72353 15.4455 190.771 105.754
-8.2915 -2.13603 17.0203 236.39 91.2384
-11.3994 -0.217946 48.7208 435.456 184.55
-5.4331 -0.134268 79.3941 557.798 186.624
-6.74011 -3.38546 92.832 555.725 159.667
4.33981 0.827182 6.6974 1152.92 290.304
6.34934 -3.4737 18.1983 872.986 41.472
6.17198 -0.696362 16.567 891.648 155.52
3.43446 0.671626 9.32333 904.09 244.685
6.60013 -2.1237 16.2036 920.679 82.944
2.86743 1.05607 6.44535 984.96 327.629
2.61087 0.921754 6.70763 935.194 302.746
7.25754 -2.07564 11.5472 1103.16 45.6192
6.96463 -2.01621 11.1305 1092.79 47.6928
6.60514 0.275804 10.0213 1132.19 209.434
6.5017 0.280102 11.322 1059.61 205.286
-11.6162 -1.76533 17.5726 105.754 109.901
-11.4018 -1.99658 15.9091 60.1344 91.2384
-11.5415 -2.80495 17.3501 105.754 68.4288
6.84806 -0.0169277 10.0096 1159.14 190.771
0.920161 1.5174 13.0191 661.479 275.789
0.220147 1.56052 12.3566 620.006 284.083
-2.37938 1.62653 12.4673 462.413 288.23
-2.74745 1.63394 11.2094 425.088 302.746
2.63484 1.19529 13.2631 763.085 255.053
2.42705 1.41723 16.4894 721.613 250.906
-5.17444 0.992652 9.94053 192.845 265.421
-6.93238 1.01049 9.84483 49.7664 265.421
-10.949 -0.180709 18.0029 145.152 178.33
-11.5526 -0.226912 17.6999 109.901 176.256
1.32311 1.41741 17.0431 667.699 250.906
0.951028 1.41552 18.5739 649.037 244.685
-10.9573 0.0740147 19.1093 174.182 188.698
-11.8746 0.0704667 18.1932 111.974 190.771
-13.6505 -9.76789 56.9871 433.382 62.208
-15.5376 -14.86 122.48 516.326 97.4592
-13.4023 -9.27905 72.3337 472.781 93.312
5.87133 -2.76996 70.5707 669.773 159.667
-4.89801 1.54722 8.84235 157.594 329.702
-5.39118 1.01251 9.73268 165.888 269.568
-5.91486 1.37612 9.81534 126.49 298.598
-11.3719 -1.83616 25.7721 277.862 134.784
-0.86584 1.39705 17.6858 570.24 246.758
-5.43944 0.824637 12.4057 265.421 238.464
-4.60488 1.52542 24.4853 464.486 228.096
0.915472 -3.21749 24.5491 644.89 82.944
-2.17978 1.63917 22.3234 532.915 240.538
-5.75712 0.19268 49.7464 524.621 190.771
-7.2876 -8.2682 100.373 555.725 126.49
-8.05728 -1.46874 15.0367 196.992 111.974
-12.9721 -3.45699 45.0067 396.058 128.563
-10.454 -4.05204 50.0352 454.118 126.49
-11.1208 -4.53232 45.116 425.088 114.048
-8.25605 -2.31945 15.4076 196.992 70.5024
6.54777 -2.10224 11.4299 1057.54 39.3984
4.83118 0.43036 9.73333 1007.77 221.875
4.15915 0.633326 9.52761 958.003 240.538
-8.94139 -4.17986 87.8169 534.989 151.788
-8.32901 -1.81825 15.7069 204.042 97.0445
-8.07805 -1.49738 15.1147 196.577 111.974
-8.58099 -1.83202 14.9289 184.136 89.5795
6.42348 -2.09975 17.3067 888.33 94.5562
-11.556 -1.73552 17.5185 106.998 111.974
-11.5177 -2.87135 17.4603 106.998 59.7197
6.47472 -2.09049 15.9502 920.679 87.0912
6.66192 -2.1441 11.6574 1060.02 47.2781
4.09448 0.612381 9.40944 958.003 238.879
3.70411 0.880947 9.48238 928.143 261.274
0.901909 1.48095 13.017 661.893 276.204
0.279343 1.48063 12.7036 627.057 276.204
-5.51227 1.6408 13.7496 298.598 278.692
2.70695 1.23829 13.5314 761.426 256.297
3.08921 0.463826 24.1887 704.195 201.554
-11.7704 0.0951376 18.0721 111.974 191.601
-6.87652 0.986872 9.88265 52.2547 266.25
1.32829 1.39915 17.1098 669.358 251.32
2.45281 0.658353 29.983 669.358 204.042
-11.8306 -0.231385 18.0489 111.974 176.671
6.56398 -0.761823 16.0056 923.167 151.788
-2.73899 1.61972 11.1119 425.503 303.575
-2.40295 1.60178 12.4099 462.828 288.645
6.67325 0.23745 9.59791 1167.02 204.042
6.40441 0.0104037 9.53559 1149.6 189.112
-5.37654 1.64637 11.2947 231.414 301.087
-5.24669 1.00383 10.0525 194.089 266.25
-13.5854 -12.9172 96.5082 517.571 97.0445
-14.4719 -9.98591 78.6973 475.269 94.5562
-14.3709 -11.3465 70.184 457.851 69.673
-14.3808 -10.2904 60.0357 432.968 62.208
-4.60223 1.48436 8.35033 156.764 323.482
-5.58324 1.34021 9.37323 131.881 301.087
-5.43522 1.00713 9.81218 166.717 268.739
-5.97294 1.38963 9.91171 126.904 298.598
-0.763099 1.28248 16.5264 572.314 246.344
-5.95125 0.719566 47.9646 517.571 196.577
-5.15342 1.01894 12.8992 293.622 246.344
-5.26752 0.801115 12.0518 266.25 238.879
1.18699 -6.47315 177.499 612.127 159.253
-11.8175 -0.297974 50.8101 437.944 184.136
-12.6037 -3.41965 43.7287 395.643 129.393
-7.69461 -1.94387 15.8403 251.32 99.5328
0.339302 -5.05866 24.8705 617.103 47.2781
2.80121 0.807703 9.55217 843.541 256.297
4.30874 0.813757 6.66376 1152.09 291.133
-5.92148 1.49677 9.54002 110.481 313.528
-6.73732 0.970661 9.58676 56.7337 265.753
-11.9426 -0.233576 18.2197 113.467 176.173
-10.9776 -1.33581 16.7831 110.481 125.411
-10.8221 0.0205419 18.8278 176.173 182.145
-4.99199 1.55823 14.4006 340.402 283.669
-1.9743 1.57985 9.64205 444.912 316.514
-1.99429 1.59853 9.67392 438.94 298.598
-2.33613 1.60869 12.3306 465.814 289.641
-5.1511 1.56625 10.5438 232.907 295.612
-5.53451 1.62058 11.559 217.977 295.612
2.7595 0.75457 12.9816 773.37 235.893
6.64271 0.27796 10.0996 1131.69 209.019
-10.475 0.0700772 18.0927 173.187 188.117
-7.17154 0.35056 12.1246 134.369 212.005
-5.20676 1.53389 12.8537 304.57 274.711
-5.2421 1.56038 13.0757 295.612 280.683
-5.54121 1.27421 9.66375 155.271 295.612
-5.3823 0.988779 9.7657 167.215 268.739
3.35753 0.161717 41.7523 668.861 188.117
-5.21398 0.79498 10.8266 229.921 244.851
-11.6872 -1.78781 26.6548 280.683 134.369
-5.35999 0.795588 12.2245 265.753 238.879
-8.42618 -1.79897 14.6595 167.215 92.5655
-8.61511 -2.22538 15.0611 170.201 74.6496
0.585722 -4.18946 25.0518 624.071 62.7057
0.915957 -6.71267 84.3378 615.113 128.397
-6.14818 1.2807 21.0267 388.178 232.907
-9.83128 -2.59084 44.1173 447.898 143.327
-9.28963 -1.33203 78.3858 522.547 173.187
-11.9684 -5.4314 117.547 534.491 152.285
-9.87299 -3.17792 68.7767 504.631 152.285
-8.01428 -2.27824 14.9954 197.075 68.6776
-11.6662 -1.74838 17.6483 107.495 110.481
-11.7946 0.0702915 18.148 113.467 191.103
-3.55519 -4.71473 48.966 555.393 113.467
6.32088 -2.05795 17.1589 886.837 95.5515
2.34623 1.50945 16.2475 719.622 259.781
0.917811 1.55674 13.518 662.889 277.697
4.75136 0.386551 9.65368 1006.28 220.963
4.1135 0.602077 9.45316 958.501 238.879
-10.8679 0.0204802 18.7712 175.576 182.742
-11.425 -0.0834622 18.6576 157.66 179.159
-5.69713 1.36812 10.0577 168.41 297.404
-5.51187 1.33595 9.25341 128.995 300.987
7.53688 -4.00068 92.1304 670.055 154.077
-0.825119 1.34615 17.347 569.726 247.24
-5.76987 0.443864 84.3153 558.976 193.492
-5.21233 1.54615 12.9565 290.238 279.488
-18.0448 -12.3085 95.9491 472.98 93.1627
-15.8757 -12.473 76.4941 455.064 68.0805
-12.4035 -3.20862 54.6369 440.731 143.327
-4.92072 0.732711 11.2583 265.155 240.073
-11.5793 -0.819425 24.3251 254.406 157.66
-5.98449 0.42093 20.4669 386.984 200.658
0.300172 -4.6866 119.401 609.141 161.243
0.782491 -9.31329 117.012 616.307 128.995
-7.80045 -8.9995 107.436 555.393 125.411
2.87854 -3.31421 20.3252 713.053 68.0805
6.94718 -1.65787 38.1785 741.719 154.077
-6.73638 -1.13742 57.5166 523.145 171.993
-11.9361 -0.26044 18.3266 114.662 175.576
-11.7285 -1.76514 17.8174 107.495 111.079
-12.0052 0.0970355 18.4326 111.079 189.909
-5.21243 1.00375 10.4901 225.74 265.155
-2.3281 1.58058 12.3791 462.23 286.655
-4.43542 1.51477 15.1691 379.817 265.155
-0.901308 1.36365 16.9642 576.892 265.155
1.19118 1.56293 14.0819 670.055 272.322
3.66335 0.0524233 48.0489 666.472 189.909
2.82366 0.790593 13.2834 770.384 236.49
6.46613 -2.10969 13.76 974.625 68.0805
4.16923 0.596934 9.80053 953.126 236.49
4.29553 0.811261 6.64332 1146.62 290.238
