-11.3291 -0.580141 24.2243 257 165
-16.8142 -11.2545 76.8929 448 76
-7.57069 -1.14203 24.7158 378 149
-7.02417 -3.52878 100.599 557 157
-11.3308 -3.73162 17.623 118.8 22.8
-5.32445 0.921575 26.7298 459.6 208.8
4.70927 -2.31251 25.4902 745.2 116.4
-10.658 -0.0898581 53.1341 460.8 183.6
-8.09454 -2.50846 13.8479 154.8 45.6
-12.4326 -11.881 79.6595 493.2 74.4
-11.1576 -4.38921 61.6063 469.2 128.4
-15.8415 -10.8425 83.6149 469.2 88.8
-18.5096 -12.3892 84.6458 448.8 76.8
-11.3054 -6.38009 64.401 478.8 111.6
-0.386427 -0.0904671 53.4942 606 183.6
-5.289 -2.95945 139.817 580.8 168
-5.95686 0.234347 44.516 508.8 187.2
3.71736 0.886443 8.4084 967.2 270
4.1836 0.671447 8.50012 1006.8 247.2
7.62437 -1.73001 10.3449 1195.2 50.4
2.6681 1.19677 12.1539 780 260.4
2.50665 1.47888 16.4099 726 253.2
6.56703 -3.47725 17.8271 888 33.6
6.87547 -3.8185 82.6401 668.4 148.8
-5.02746 1.61889 13.8898 327.6 273.6
-14.3561 -10.3562 59.9328 432 57.6
-5.36937 1.59781 13.8746 309.6 271.2
-5.23944 1.11037 9.88057 186 274.8
-11.7981 0.137258 17.058 78 189.6
-7.27923 0.34684 11.4453 108 207.6
-5.20045 1.01675 9.04753 145.2 274.8
-11.7959 -5.51191 26.7331 277.2 30
-11.5619 -1.99074 15.1891 22.8 82.8
-10.7971 -4.11975 50.0122 449.28 122.4
-10.979 -1.84325 52.5478 453.6 158.4
-5.14463 0.371082 46.1169 525.6 188.64
-8.04477 -2.51218 13.7628 154.08 44.64
-13.5707 -12.9347 91.8649 492.48 74.88
0.640441 -4.17803 23.2433 623.52 54.72
0.999858 -4.37249 20.6496 642.24 34.56
1.47826 -5.69305 156.108 614.88 156.96
-197.1 -269.221 7382.26 590.4 158.4
-11.6356 -1.91077 64.7431 476.64 161.28
-4.69116 1.34644 27.8257 483.84 218.88
-7.65435 -1.63324 15.4045 230.4 100.8
-8.40807 -1.98855 13.9849 142.56 74.88
-5.50034 -0.0327804 109.247 570.24 182.88
6.59228 0.316452 10.4425 1108.8 207.36
6.59318 0.285154 8.99674 1196.64 208.8
4.15741 0.657351 8.47086 1006.56 246.24
3.72768 0.906335 8.48513 966.24 270.72
2.62047 0.938106 5.67721 1009.44 328.32
7.28346 -2.05564 10.5388 1156.32 27.36
2.66459 1.20282 12.2154 779.04 259.2
2.37696 1.6536 8.38386 838.08 344.16
2.54304 1.50553 16.2053 727.2 253.44
6.47308 -3.45195 17.5721 888.48 33.12
6.50444 -0.855945 16.5334 908.64 144
-0.448909 1.46849 16.8136 587.52 250.56
-5.79527 0.502354 75.4802 554.4 188.64
-1.22094 1.56529 10.066 512.64 308.16
-5.04399 1.63047 13.9892 328.32 273.6
-2.42353 1.60468 11.6773 446.4 292.32
-15.9682 -13.8605 84.2838 470.88 63.36
-5.1563 1.09562 9.74937 185.76 275.04
-5.37199 1.63319 12.6533 277.92 283.68
-11.8369 0.113674 17.0798 79.2 190.08
-5.32655 0.827745 8.77828 118.08 260.64
-5.24949 1.0214 9.08886 144 275.04
-11.7158 -5.4941 26.4682 272.16 27.36
-11.7757 -1.7602 16.8227 72 105.12
-11.79 -2.85222 16.7764 69.12 54.72
6.57467 -2.04494 10.484 1107.36 27.36
-13.7297 -13.0047 87.1936 492.48 76.032
-4.58008 1.66137 15.159 376.704 267.84
-11.7186 -2.92761 17.8024 105.408 57.024
-7.51114 -1.12284 24.3006 376.704 148.608
-5.62591 0.0896963 82.2116 558.144 184.896
-8.66391 -3.78131 117.085 554.688 158.976
-11.3932 -1.46788 45.4516 418.176 157.248
-11.2946 -1.54622 44.0799 412.992 155.52
-5.7082 0.165224 42.6578 508.032 186.624
-12.0996 -5.25382 117.233 533.952 150.336
4.12884 0.65469 8.43656 1005.7 247.104
2.58988 0.932153 5.59408 1009.15 330.048
7.67199 -1.76977 10.4096 1194.05 50.112
6.60945 -2.0897 15.1407 941.76 76.032
2.62424 1.20905 12.1076 777.6 260.928
1.35092 1.46334 16.2374 670.464 252.288
1.04212 1.40661 32.8463 632.448 216
2.4731 1.46413 15.7597 727.488 254.016
0.938748 1.54393 12.0921 668.736 285.12
6.45739 -2.09079 16.2985 910.656 84.672
6.40744 -3.44114 17.3939 888.192 32.832
6.60099 -0.874836 16.8983 900.288 145.152
-5.45719 0.384049 47.7284 523.584 188.352
-0.868905 1.4833 17.2581 571.968 248.832
-1.19325 1.56138 9.9518 514.944 311.04
-0.420687 1.55031 13.6267 585.792 273.024
-4.46634 1.45727 23.9257 468.288 229.824
-4.71972 1.549 13.6151 330.048 274.752
-16.8872 -16.5211 133.119 511.488 91.584
-16.5785 -14.6047 88.8093 471.744 63.936
-3.53903 -5.04056 53.9076 552.96 122.688
-15.6944 -11.1015 64.7673 432 57.024
-11.2424 -1.83206 30.4747 335.232 139.968
-5.35631 0.828649 11.2852 233.28 243.648
-5.32726 1.65724 10.2891 196.992 312.768
-5.51059 1.61422 14.1885 309.312 273.024
-5.65362 1.68921 13.2299 276.48 285.12
-11.7231 0.112807 16.9496 79.488 190.08
-8.47851 -2.37567 14.8223 167.962 60.1344
-8.20842 -1.48153 14.3501 167.962 97.4592
-5.32721 0.0832418 76.2958 557.798 184.55
-7.13188 -2.17248 51.6851 505.958 151.373
7.80334 -1.76728 10.5678 1194.39 49.7664
6.31856 -2.08491 14.5206 941.415 76.7232
2.6009 0.926596 5.70358 1007.77 327.629
6.32083 -3.03944 20.7661 837.734 72.576
0.905841 1.51151 12.1019 667.699 284.083
6.61916 0.289848 10.5315 1107.3 205.286
4.87155 0.470224 8.71547 1061.68 226.022
2.64231 1.50413 16.69 727.834 252.979
6.59902 0.298499 9.02183 1196.47 209.434
-12.07 -0.223275 17.4162 78.7968 174.182
-2.15165 1.59728 10.6529 447.898 308.966
-2.24126 1.58662 11.0966 447.898 296.525
1.0514 1.47836 18.0784 651.11 246.758
1.00182 1.35222 31.5763 630.375 213.581
-11.8006 -1.79093 16.8918 72.576 103.68
-4.923 1.59753 13.7065 329.702 273.715
-5.96806 1.39882 8.91571 66.3552 313.114
-0.448788 1.44471 16.8091 586.829 248.832
2.60621 0.49039 9.3298 833.587 228.096
-5.2102 1.02878 9.0426 143.078 275.789
-13.9869 -9.54052 74.3719 472.781 89.1648
-12.0633 -1.87112 26.2627 263.347 130.637
-10.8609 0.0698074 18.023 151.373 186.624
-5.16044 1.04738 11.6219 259.2 252.979
-5.2058 0.858685 25.9529 458.266 207.36
-2.02271 1.47372 19.3375 528.768 242.611
0.516188 -3.99099 23.4744 624.154 55.9872
-11.6053 -0.0819346 48.4489 431.309 182.477
-12.0757 -4.53977 57.0375 452.045 124.416
-3.77199 -5.33915 56.2639 557.798 114.048
4.12098 0.643558 8.44449 1003.62 244.685
3.49755 0.692709 8.47094 943.488 250.906
4.11201 0.618715 8.42613 1005.28 243.855
6.77063 -2.12585 15.5594 943.073 77.1379
0.335777 1.539 12.1862 622.08 278.692
6.54599 -2.12695 16.5803 908.237 84.6029
-12.1549 0.117198 17.6094 79.6263 189.112
2.73843 1.26027 12.7987 776.356 258.785
6.64983 0.301371 9.10863 1186.93 211.507
-12.0516 -1.78458 17.2855 74.6496 104.509
-11.4939 -2.87149 17.3147 102.021 54.743
1.16384 1.49713 17.1415 651.94 246.344
-5.86751 1.73429 11.1528 194.089 306.063
-11.6227 -0.215865 16.8382 79.6263 174.182
-5.89937 1.38272 8.81309 72.1613 316.017
-5.29907 1.00404 8.6145 109.486 278.692
-5.23567 1.0061 9.06492 144.323 276.204
-0.908826 1.4853 17.5656 569.825 248.832
-11.7605 -0.183603 18.2912 119.439 176.671
-5.38558 1.61614 12.5212 276.204 283.669
-16.8007 -14.8004 89.9994 477.758 72.1613
6.39246 -3.02166 74.3483 671.846 154.276
-12.5061 -8.62947 68.0074 472.781 89.5795
-11.4391 -4.47131 45.1337 423.014 109.486
-17.5492 -13.5792 83.9946 455.363 64.6963
-14.0827 -9.96144 58.1163 423.014 57.2314
-11.9734 -1.86282 26.1463 263.762 131.881
-5.43802 0.838832 11.4238 233.902 243.855
-4.44185 1.42428 25.104 475.269 226.437
-5.56409 0.319983 48.0785 525.036 189.112
-11.6331 -0.0830959 49.1356 432.968 181.647
0.550457 -4.03547 23.5435 624.568 57.2314
0.966702 -5.27185 144.558 612.127 156.764
6.45803 -0.687558 16.3576 910.725 151.788
7.90909 -1.80273 10.6909 1191.91 49.7664
-12.2558 0.142871 17.7555 80.6216 188.117
0.912172 1.53903 12.1865 665.875 283.669
0.202498 1.57772 11.3661 624.071 292.626
-10.955 -6.21987 61.9144 477.758 107.495
-5.09557 0.996246 8.86506 143.327 274.711
-5.83861 1.71484 11.1273 197.075 304.57
-5.54541 1.34633 8.8156 95.5515 307.556
-5.58861 1.35885 8.43651 71.6636 316.514
-11.3376 -0.211424 16.4918 80.6216 173.187
-11.0185 -1.33446 15.9308 77.6356 122.425
6.21671 -3.49809 73.4933 668.861 149.299
-5.23208 1.5885 12.0474 271.725 286.655
-10.1237 0.0649193 16.761 149.299 188.117
-5.35734 0.828808 11.2873 232.907 241.865
-5.1874 0.806302 9.86003 191.103 250.823
-11.8517 -1.81093 32.3705 328.458 137.355
-5.44526 1.05345 12.4585 265.753 250.823
-11.2181 -0.213213 47.6628 432.968 182.145
-8.76276 -2.30925 39.3224 441.926 140.341
-11.0777 -4.33006 43.708 421.024 110.481
-15.9265 -11.2013 65.35 438.94 65.6917
-5.867 1.25225 19.2412 379.22 232.907
0.878718 -6.43976 80.909 615.113 125.411
-5.33167 -6.04908 73.4336 555.393 122.425
-8.67859 -1.83362 14.1404 134.369 83.6076
-8.66839 -2.79018 60.3853 522.547 170.201
-8.08318 -2.46908 56.8596 501.645 149.299
-11.7261 -1.76329 16.8522 74.6496 104.509
-0.600051 1.5348 13.8285 573.309 271.725
4.09026 0.615442 8.38155 1003.29 244.851
4.6467 0.415898 8.3548 1063.01 223.949
-11.3998 -0.910702 23.2021 229.324 146.91
0.808869 1.37232 22.5309 634.223 229.324
3.0947 0.199147 37.8294 670.055 200.658
-11.3433 -0.234959 16.5335 78.83 171.993
-4.37521 1.73891 11.5975 336.819 300.987
-5.38347 1.59173 12.2006 268.739 286.655
-5.45164 0.840932 11.4524 232.907 243.656
3.22011 0.147446 38.0678 666.472 186.325
3.08458 0.0592847 54.3377 652.139 182.742
6.75212 -3.3552 79.8228 670.055 150.494
3.70977 -4.65805 72.453 630.64 143.327
-13.4941 -3.40722 58.0187 440.731 139.744
-5.00636 1.47326 26.6201 469.397 225.74
-5.9183 0.395573 19.2339 376.234 200.658
-5.79573 0.692992 46.1932 512.395 189.909
-8.30125 -1.47809 14.5124 164.826 103.912
-8.36599 -1.78477 14.3808 136.161 96.7459
-8.5381 -1.80804 13.9431 132.578 82.4132
-11.1658 -4.40163 43.8151 419.232 111.079
0.918467 -4.73112 84.5689 609.141 157.66
-5.12657 0.783292 9.74441 186.325 250.823
-9.97898 -1.70058 26.4515 326.07 136.161
-11.5004 -1.80016 25.2668 268.739 132.578
5.00808 -2.66306 26.5088 756.051 93.1627
-8.36532 -1.19949 70.5865 519.561 171.993
-12.4576 -1.84838 17.9035 75.2468 103.912
-5.37376 1.01061 8.77561 111.079 279.488
-11.5294 0.134946 16.7707 82.4132 189.909
-5.72029 1.68456 10.9307 197.075 304.57
-6.09259 -7.18782 87.2574 555.393 121.828
-2.18853 1.59738 11.0641 451.481 297.404
-4.27581 1.61488 14.0228 369.068 272.322
-0.573007 1.53315 13.6426 573.309 268.739
0.941584 1.57685 12.3499 666.472 283.071
2.87143 0.854694 8.67992 874.296 265.155
2.83173 0.850238 12.2769 784.717 240.073
4.85242 0.436494 8.76855 1060.62 222.157
4.17212 0.612706 8.6729 999.708 243.656
