-16.0956 -11.2064 83.7267 468 86
-17.7077 -12.1485 79.9615 446 73
-6.44429 -3.62263 92.2944 556 155
0.290917 1.34718 23.7451 616.8 226.8
-5.34595 1.53793 12.8875 284.4 278.4
-5.44858 -4.59209 51.4057 530.4 117.6
6.75723 -4.13562 79.8833 669.6 146.4
-10.9439 -4.53109 56.9284 466.8 126
-5.01266 0.770685 24.3155 453.6 207.6
-16.3438 -11.2128 73.8028 446.4 73.2
2.71758 1.17606 11.3048 795.6 264
2.47341 1.41118 14.9656 733.2 255.6
6.48611 -3.51589 16.6042 904.8 22.8
-11.9243 0.085272 16.198 43.2 189.6
-11.7247 -5.5115 25.5256 265.2 22.8
-12.0857 -1.82718 16.1728 34.8 98.4
-12.4919 -7.37891 55.709 446.4 93.6
-11.0597 -4.5556 61.5386 473.76 128.16
-10.8783 -6.38272 61.0013 476.64 108
-10.4462 -4.17444 47.4695 450.72 122.4
1.63335 -7.01014 172.486 616.32 155.52
-78.8497 -124.817 3296.82 590.4 155.52
-5.04586 1.332 29.2066 480.96 217.44
-8.53106 -2.03956 13.1829 105.12 60.48
-8.39829 -1.56878 13.2338 115.2 93.6
-6.15344 0.110689 44.5943 506.88 185.76
-5.8185 -0.503068 112.459 570.24 181.44
-5.33138 0.180602 46.6281 524.16 187.2
6.74536 0.285433 9.41895 1180.8 205.92
6.69413 0.291184 9.60873 1166.4 207.36
4.14576 0.642273 7.4728 1067.04 254.88
3.72514 0.877785 7.44242 1020.96 282.24
2.68293 1.15221 11.2256 796.32 263.52
2.50059 1.41478 15.0038 734.4 256.32
-0.440887 1.41449 15.6954 586.08 253.44
-4.63236 0.242474 62.6024 558.72 188.64
-0.999032 1.55087 12.5568 548.64 282.24
-4.44621 1.63292 12.9299 342.72 282.24
-4.57131 -5.2358 59.5388 551.52 120.96
-16.9546 -15.1037 88.838 469.44 60.48
-11.6425 -2.01217 30.6352 325.44 135.36
-11.8982 0.107772 16.1931 43.2 190.08
-5.2032 0.999501 8.09262 82.08 288
-5.17348 1.09053 8.82965 133.92 285.12
-11.8436 -1.77513 15.9079 34.56 97.92
-0.34385 -0.181708 58.953 604.8 181.44
-8.26451 -2.35899 13.2259 133.056 51.84
-7.51347 -1.8272 14.2437 200.448 84.672
-5.27978 -0.130479 77.1536 558.144 183.168
-8.56516 -4.3823 115.751 554.688 157.248
-5.33282 0.176359 45.5328 521.856 186.624
-7.1367 -1.14881 22.1904 373.248 153.792
-5.90685 0.0467045 42.8073 504.576 184.896
-10.7936 -1.9923 59.1425 473.472 158.976
3.48991 0.668861 7.53813 991.872 257.472
6.50035 -2.17279 15.4317 929.664 76.032
6.50778 -2.12923 14.0145 967.68 65.664
6.47831 -0.887639 15.4816 927.936 129.6
2.71434 1.19541 11.4908 794.88 264.384
2.728 1.45517 8.31629 874.368 324.864
2.6653 0.975975 8.37371 865.728 274.752
1.32528 1.4092 15.1685 672.192 254.016
2.52892 0.675817 28.9446 673.92 200.448
2.40217 1.37915 14.4133 736.128 257.472
0.927674 1.52231 10.9669 675.648 293.76
-0.748769 1.2989 14.8719 568.512 252.288
-1.19191 1.53738 9.0008 501.12 323.136
-1.90103 1.57333 11.0036 471.744 297.216
-0.468406 1.54401 8.17415 561.6 338.688
-4.47781 1.40853 23.1255 463.104 229.824
-4.53036 1.62772 13.9656 361.152 273.024
-4.4544 1.61262 13.6728 357.696 279.936
-2.3877 1.61617 10.5825 430.272 302.4
-13.1776 -13.3207 100.568 509.76 88.128
-13.0245 -9.53207 53.4427 428.544 53.568
-12.4503 -3.44202 41.7848 387.072 124.416
-12.0679 -2.04901 31.871 326.592 136.512
-12.0722 -2.13079 56.2812 451.008 157.248
-5.60378 1.65952 12.1999 248.832 292.032
-5.05433 1.58919 13.0137 307.584 279.936
-5.28006 1.55438 12.7287 285.12 278.208
-5.27084 1.02169 8.18012 82.944 288.576
-5.43151 1.67471 9.49548 153.792 326.592
-5.19688 1.10518 8.84859 134.784 286.848
-11.8775 -2.89582 15.8645 32.832 44.928
-4.67568 1.52558 25.0471 470.707 226.022
-5.61575 1.00539 26.0123 445.824 213.581
-5.0988 0.744498 24.5675 452.045 207.36
-6.42881 -3.47545 88.5445 553.651 155.52
6.24185 -3.07508 19.525 848.103 64.2816
-0.378311 1.49642 12.254 582.682 277.862
6.57439 0.26024 9.45572 1179.88 205.286
2.59365 0.641605 29.2203 671.846 199.066
0.9791 1.19276 30.8601 632.448 213.581
2.71056 0.491748 8.66745 862.618 232.243
0.304227 1.50191 11.0412 630.375 290.304
-4.30842 1.67318 9.26751 236.39 329.702
-5.37702 1.62003 11.6709 246.758 292.378
-11.9332 -0.252913 16.2101 43.5456 172.109
-4.57394 1.61803 14.2219 358.733 271.642
-5.42017 1.39083 7.94855 47.6928 329.702
-5.41898 1.03979 7.80353 39.3984 294.451
-4.97588 1.57015 12.8578 306.893 279.936
-5.2902 1.53963 12.7531 284.083 277.862
-2.24054 1.54949 10.0543 437.53 302.746
-2.43055 1.61015 10.8393 431.309 300.672
-11.6754 -1.87297 24.3843 248.832 126.49
5.99427 -2.69288 68.607 671.846 153.446
6.02492 -2.94541 70.0736 669.773 149.299
-12.6787 -9.02335 67.4161 470.707 87.0912
-2.17599 1.56027 19.7521 524.621 244.685
-4.80068 1.39541 23.4454 462.413 228.096
-5.36165 0.827966 10.3002 194.918 246.758
-8.48676 -1.787 12.9475 99.5328 76.7232
0.547744 -4.24371 23.4274 624.154 47.6928
-12.854 -3.53709 42.9389 387.763 122.342
-3.73671 -5.30181 53.5168 551.578 120.269
4.15441 0.633196 7.48839 1065.83 252.979
6.09968 -2.05242 14.5767 928.143 77.1379
6.59211 -2.15682 14.1961 970.445 62.208
2.23914 1.42988 13.2145 736.543 266.25
6.36348 -0.719042 15.1067 928.143 129.393
2.66787 0.972667 8.34533 880.865 283.669
3.4876 0.683218 7.46585 995.328 258.785
2.59397 1.44596 15.5641 739.031 256.297
-5.7504 1.68095 10.0043 149.299 318.505
1.03292 1.43322 16.9497 654.428 248.832
-12.6257 0.0904586 17.1833 47.2781 189.112
-5.4263 1.60211 11.7778 246.344 293.622
0.324436 1.5617 10.2258 624.568 301.087
0.919166 1.5182 11.048 674.335 291.133
-11.4628 -0.216386 16.8788 89.5795 176.671
-11.9567 -0.253889 16.2727 47.2781 174.182
-1.18244 1.59597 9.12096 495.176 323.482
-0.818029 1.33691 15.8107 567.337 251.32
-14.672 -12.2843 74.6995 475.269 69.673
-5.33256 0.815204 7.83606 47.2781 273.715
-10.2617 -2.66532 14.6018 74.6496 47.2781
5.59459 -2.73698 63.029 671.846 151.788
-5.19185 0.99581 10.7187 223.949 261.274
-5.44554 0.840922 10.4613 196.577 248.832
-12.6947 -9.03471 67.501 470.293 87.0912
-9.56754 -3.95888 37.3396 418.038 106.998
-19.2991 -15.371 91.1561 455.363 62.208
-11.5865 -1.82505 24.1987 248.832 126.904
-4.48114 1.38253 24.3682 470.293 226.437
-12.0255 -0.219477 49.0632 430.479 179.159
-11.499 -4.53577 53.2636 450.386 121.928
-12.732 -3.48732 42.3348 388.178 121.928
0.441652 -6.52128 83.3906 614.615 121.928
-4.84909 0.223261 42.41 520.059 186.624
4.17486 0.648407 7.54417 1065 253.809
-5.19855 1.0189 8.06793 80.6216 289.641
-5.55666 1.60911 9.73795 152.285 316.514
-0.854029 1.40392 16.0743 567.337 250.823
2.59335 0.600887 29.2169 671.846 200.061
0.24627 1.56467 10.5331 624.071 301.584
0.88851 1.50297 11.049 671.846 289.641
0.984158 -3.52622 24.5587 639.001 74.6496
-12.6296 -0.30391 51.8223 429.982 179.159
-12.4274 -3.37464 52.4905 438.94 137.355
-5.70782 1.17022 17.9808 367.276 235.893
0.865251 -6.67356 79.669 615.113 122.425
-5.66302 -6.85903 77.9973 555.393 119.439
3.41058 0.657973 7.30097 994.333 259.781
4.71895 0.424098 7.47507 1131.69 229.921
4.17228 0.619656 7.5776 1066 253.809
-4.44267 1.61866 13.4078 333.236 283.071
-5.19595 1.50714 12.484 283.071 275.905
-8.44914 -1.82512 12.8356 96.7459 75.2468
-8.68368 -1.88616 13.1364 82.4132 71.6636
3.86081 0.051491 47.1944 670.055 182.742
5.92894 -3.32433 67.8594 670.055 150.494
-12.3012 -0.225791 50.4747 429.982 179.159
-10.3485 -2.81548 44.7615 437.148 136.161
-4.96992 1.43079 25.8527 462.23 225.74
-10.5597 -4.26575 40.7689 415.649 107.495
-10.8024 -1.89068 27.6158 318.903 132.578
-11.1549 -1.75009 23.6408 250.823 128.995
0.988429 -6.00717 147.807 609.141 154.077
-5.88658 0.376434 18.3033 361.901 200.658
-8.58937 -1.38451 70.0116 501.645 171.993
-11.5793 -0.147127 17.0154 89.5795 175.576
-5.22437 0.813222 9.02362 139.744 257.989
-5.3281 1.01909 8.25118 82.4132 286.655
-5.26297 0.99639 11.0561 225.74 257.989
-2.19377 1.57004 10.0965 433.565 300.987
-0.60083 1.50739 12.6316 573.309 272.322
-0.468532 0.58894 54.3868 601.974 189.909
4.0364 0.586316 7.29397 1060.62 250.823
