-0.305285 1.3717 17.9988 594 243
-4.55501 1.59917 13.2463 342 279
-3.31204 1.63322 9.04614 313 332
-3.75116 1.64293 9.38931 290 326
-1.53131 1.50058 15.6824 530 258
-1.77938 1.45149 16.3585 522 255
-1.62462 1.53778 11.541 497 291
-8.06728 -0.57602 12.4663 104 150
-5.36833 0.760893 17.7679 378 219
-5.61789 0.507244 17.5438 364 208
-14.7114 -10.4862 75.9764 466 85
-6.87276 -4.05653 96.5082 556 154
4.16718 0.640119 6.50078 1149 269
6.50855 0.314976 9.93763 1129 210
2.8043 1.07258 7.15344 934 311
6.35214 -2.10714 10.2198 1101 21
6.46534 -2.21377 14.3089 957 65
2.54441 1.43159 14.5387 742 261
6.42922 -2.39807 15.7841 919 69
-5.75947 1.15542 17.3818 359 240
-2.93519 1.64794 8.53577 329 343
-4.41936 1.55661 13.6821 358 274
-14.7081 -10.8917 59.6697 427 52
-7.41991 0.316816 10.4546 45 211
-9.14122 -1.98798 12.512 37 63
-4.83121 1.57766 12.0927 295.2 288
-5.25543 1.55088 11.7621 255.6 286.8
-5.24498 0.805947 7.64485 42 273.6
0.268737 1.24446 21.9347 616.8 228
2.77728 0.508375 8.96051 855.6 234
-8.19081 0.579737 12.7118 106.8 223.2
-0.769224 1.44065 15.2782 567.6 258
-0.882569 1.42256 15.7849 560.4 254.4
-0.919967 1.39128 16.4538 565.2 249.6
-5.12016 -4.52471 47.6813 523.2 121.2
-13.4872 -13.6147 89.6118 490.8 69.6
0.62099 -4.33396 21.4542 630 34.8
-16.6117 -11.5644 74.0815 444 72
-5.30991 0.752612 17.5745 378 218.4
-5.66079 0.484421 17.6013 363.6 207.6
-8.43602 -1.56659 12.346 74.4 87.6
-11.0963 -6.58105 61.2677 475.2 105.6
3.72682 0.87854 6.45854 1094.4 300
4.20325 0.915331 6.52871 1150.8 303.6
6.86889 -1.53742 11.2526 1095.6 84
2.66167 1.11656 10.1879 816 271.2
2.72682 1.42411 9.95996 825.6 300
2.74645 1.44379 7.37211 916.8 348
1.34752 1.43021 14.947 676.8 258
0.714903 1.57945 11.7312 655.2 291.6
6.24921 -3.0177 18.3503 865.2 60
6.13958 -3.89547 71.4071 669.6 145.2
-1.99316 1.43899 17.018 518.4 249.6
-0.461082 1.4083 14.9351 584.4 259.2
-0.366778 1.46733 11.8805 582 286.8
-1.86932 1.57204 9.12933 436.8 315.6
-5.21992 1.04597 9.79238 182.4 271.2
-8.02699 1.35177 17.1126 250.8 246
-4.49009 1.63751 9.74577 240 320.4
-4.24908 1.67574 8.20671 188.4 351.6
-5.40316 1.62439 10.9352 218.4 303.6
-6.1159 1.57346 11.6867 196.8 292.8
-4.43242 1.61905 9.7981 249.6 316.8
-5.23724 0.798621 8.11047 80.4 266.4
-5.13403 1.0958 7.81594 69.6 302.4
-10.8578 -1.93899 27.7574 315.6 133.2
-9.04119 -1.98344 12.3751 37.2 62.4
-11.7383 -0.254063 16.2839 56.4 174
-10.3632 -4.30993 50.6116 460.8 123.84
-10.2091 -4.2861 49.5227 447.84 120.96
0.638253 -4.25018 21.0395 624.96 40.32
-16.3796 -15.9599 101.337 491.04 70.56
-1.82661 1.51034 9.71258 457.92 311.04
-10.1248 -1.80527 18.749 198.72 113.76
-16.7694 -11.6741 74.7847 444.96 72
3.06079 -3.51309 18.6769 731.52 44.64
-5.47632 0.719148 17.9599 377.28 217.44
-5.71142 0.462051 17.6822 362.88 207.36
-8.08213 -2.31195 12.3827 99.36 41.76
2.08599 -7.15663 170.262 616.32 154.08
-8.4046 -1.57466 12.2751 73.44 87.84
-5.07861 1.2691 28.7028 476.64 218.88
-6.15493 0.534294 43.7235 504 194.4
-8.4951 -2.05049 12.1602 60.48 56.16
-7.59329 -1.39499 12.659 141.12 102.24
-5.93136 -0.012643 42.1353 505.44 185.76
-5.07024 0.108746 43.8112 522.72 187.2
-5.67554 -0.643306 109.696 570.24 181.44
-5.58185 -4.14966 147.559 580.32 165.6
6.71909 0.311555 10.2809 1128.96 210.24
4.14417 0.619942 6.47894 1149.12 267.84
3.73298 0.873097 6.48484 1095.84 299.52
4.17118 0.900564 6.42338 1152 303.84
6.83504 0.157293 16.6665 923.04 195.84
3.4421 0.634815 6.44692 1058.4 269.28
2.92017 1.06814 6.6894 977.76 321.12
2.80096 0.804038 6.58418 967.68 289.44
3.46323 0.655535 6.38666 1065.6 273.6
6.3406 -2.10803 10.2241 1094.4 27.36
6.40111 -2.19178 14.1668 956.16 66.24
2.72298 1.13024 10.3127 812.16 266.4
4.47163 0.169662 17.9772 794.88 191.52
2.74559 1.43845 7.39741 915.84 347.04
2.7075 0.932417 7.54946 902.88 289.44
1.33553 1.39688 14.814 676.8 257.76
2.50147 1.38755 14.2933 743.04 260.64
2.73273 0.142653 17.7285 724.32 191.52
0.331811 1.55356 10.4583 632.16 303.84
2.40831 1.52598 12.9382 751.68 276.48
-2.00898 1.45041 17.1531 519.84 249.12
-0.767811 1.41679 15.2501 567.36 257.76
-1.19498 1.52798 8.08926 488.16 342.72
-5.04578 0.712865 23.5237 447.84 208.8
-2.37827 1.59326 8.49748 380.16 338.4
-4.19026 1.46418 13.0289 360 273.6
-2.41417 1.59144 9.63104 408.96 319.68
-15.6799 -14.2074 81.564 470.88 59.04
-4.25615 1.65976 8.78696 217.44 339.84
-5.42007 1.61422 10.9694 217.44 303.84
-5.20108 1.02862 9.75704 182.88 272.16
-4.41809 1.60022 9.76641 249.12 316.8
-8.54127 0.120674 12.7864 87.84 194.4
-5.29429 1.11408 8.02591 69.12 302.4
-5.21448 0.790687 7.60039 43.2 273.6
-11.0439 -0.671833 21.7392 226.08 164.16
-11.665 -2.07576 29.7153 315.36 133.92
-11.8008 -0.254923 16.339 57.6 174.24
-8.42827 -1.77377 12.2351 70.848 74.304
-5.46857 0.768028 17.9345 376.704 217.728
-7.6656 -1.67132 13.4667 167.616 89.856
-7.54658 -1.3832 12.5521 139.968 101.952
-7.48569 -1.86529 13.2477 169.344 79.488
-0.250809 -0.331162 56.4693 603.072 179.712
-7.24135 -3.84111 97.8607 554.688 155.52
-7.53278 -2.06056 12.8563 153.792 63.936
-11.6 -2.3526 62.14 471.744 158.976
4.18117 0.633193 6.52259 1147.39 267.84
3.72102 0.872407 6.47972 1093.82 298.944
4.15156 0.887435 6.39317 1150.85 304.128
6.83917 0.180586 16.6766 922.752 195.264
2.80586 0.802817 6.57418 967.68 290.304
3.45492 0.628178 6.47093 1059.26 269.568
3.25269 0.847817 6.49851 1024.7 302.4
6.3322 -2.17488 14.0576 955.584 65.664
6.39139 -2.13544 12.7693 997.056 55.296
2.66136 1.09642 10.1327 813.888 271.296
2.70348 0.941519 7.53825 903.744 288.576
1.34212 1.40378 14.8871 677.376 259.2
2.73487 0.614419 29.8748 675.648 198.72
0.98889 1.14743 28.6558 634.176 216
2.51273 1.40262 14.2444 743.04 260.928
2.75489 0.0724944 18.7167 724.032 191.808
0.286143 1.45476 9.88579 632.448 304.128
2.45679 1.58574 13.6054 749.952 276.48
-5.3351 0.0485461 44.4952 521.856 188.352
-0.442609 1.41567 15.0132 585.792 257.472
-0.800117 1.43671 15.4645 566.784 257.472
-0.896865 1.46644 10.8918 542.592 292.032
-0.362371 1.43337 11.7377 582.336 286.848
-5.45878 1.46581 18.2352 381.888 243.648
-2.45605 1.59225 8.81923 383.616 333.504
-4.47109 1.57608 13.0551 342.144 281.664
-2.07718 1.5495 9.87609 447.552 316.224
-1.68858 1.38595 8.9127 445.824 305.856
-13.8533 -13.7154 101.418 509.76 86.4
-8.49177 -3.97297 58.0302 501.12 136.512
-16.8914 -11.7591 75.3287 444.096 72.576
-15.3299 -13.8904 79.7438 468.288 58.752
-13.4637 -9.93405 54.0114 426.816 51.84
-13.229 -3.67779 43.1884 381.888 122.688
-10.8033 -1.95158 49.7208 447.552 155.52
-4.23298 1.65073 8.73914 207.36 338.688
-5.29912 1.58419 10.6646 216 304.128
-5.15091 1.03214 9.66292 181.44 271.296
-5.33 1.67733 12.7211 281.664 290.304
-5.21857 0.782846 8.06419 79.488 267.84
-5.19721 1.09596 7.89539 69.12 302.4
-5.26488 0.799951 7.68945 43.2 274.752
-5.21323 1.61592 8.25103 105.408 342.144
-7.25534 -1.77541 13.2646 183.168 82.944
-11.2457 -1.96828 28.7491 316.224 134.784
-8.51034 -1.81578 12.0619 57.024 70.848
-11.7097 -0.253442 16.2441 55.296 176.256
-11.0665 -0.00556168 18.5354 155.52 186.624
-4.39683 1.30708 23.0383 464.486 221.875
-5.60851 0.960761 24.8575 439.603 215.654
-7.47018 -2.04344 12.7495 153.446 62.208
-8.95994 -4.9957 118.852 553.651 155.52
-1.4195 1.52813 10.2872 495.59 302.746
6.65326 -2.26124 16.0598 926.899 74.6496
-3.58939 -5.62434 50.4027 553.651 105.754
2.62504 1.09304 10.1015 812.851 269.568
2.79785 0.814958 6.59843 966.298 290.304
-2.48489 1.62855 10.0244 410.573 315.187
6.39371 -2.24191 12.6683 997.402 51.84
4.20264 0.898353 6.47182 1157.07 308.966
2.69814 0.929191 7.52334 902.016 288.23
2.53589 1.41325 14.1525 746.496 261.274
2.72899 0.118902 17.8654 723.687 190.771
2.38592 1.49174 13.1119 748.57 273.715
-0.357205 1.44442 11.0715 580.608 286.157
6.55599 -2.28933 17.4673 893.722 85.0176
3.70859 0.846645 6.48953 1092.79 296.525
0.941833 1.49711 9.98481 682.214 304.819
0.294484 1.49842 10.6876 630.375 302.746
1.35081 1.43371 14.9835 678.067 257.126
2.41024 0.520686 27.1539 673.92 199.066
0.991225 1.11018 28.7234 632.448 213.581
-5.76891 1.65924 9.05081 95.3856 333.85
-5.20707 0.795735 8.08115 80.8704 267.494
-5.05923 1.07755 7.68578 68.4288 300.672
-2.39924 1.5875 8.53001 383.616 331.776
-4.49929 1.6043 13.1374 342.144 279.936
-5.36677 1.54073 11.9369 250.906 290.304
-5.17098 1.03616 9.70058 182.477 269.568
-5.29881 1.65542 12.6888 282.01 290.304
-0.473597 1.42519 15.3405 584.755 257.126
-11.4979 -2.00529 29.2897 315.187 136.858
-13.1641 -13.0534 81.4428 489.37 70.5024
-11.7164 -0.208369 16.2535 55.9872 176.256
5.78161 -2.91909 65.136 669.773 153.446
-12.7142 -9.10204 66.6192 470.707 87.0912
-1.98319 1.44251 17.3449 520.474 248.832
-6.13669 0.63745 46.8337 510.106 192.845
-4.34417 1.31911 21.6573 454.118 232.243
-11.748 -1.93675 23.5114 232.243 124.416
-12.0231 -3.45175 39.2515 381.542 122.342
-10.0047 -2.66176 43.2748 429.235 138.931
-5.51787 1.48859 18.5186 381.542 242.611
-5.6925 0.950846 17.6237 360.806 226.022
4.03841 0.589118 6.34118 1147.12 266.25
-1.49841 1.56381 10.2397 500.152 303.575
2.64161 0.939774 7.281 903.26 288.645
6.38857 -2.16817 14.2709 953.027 67.1846
-2.27272 1.55951 9.59945 415.549 316.017
6.29111 -2.14841 12.5341 1000.3 52.2547
2.80364 0.807446 6.61209 967.957 291.133
-5.16007 1.13499 9.08725 151.788 276.204
-5.27409 1.00502 9.28804 146.811 266.25
2.52218 1.50312 14.6444 744.008 258.785
3.62058 0.867405 6.50983 1079.93 298.598
-4.58258 1.59437 14.1874 370.76 273.715
-4.40291 1.52604 13.7496 358.318 273.715
3.593 0.317874 16.5772 773.868 201.554
-0.403603 1.47044 11.5165 582.267 286.157
-5.89181 1.70745 9.24363 87.0912 323.482
-5.17766 0.80069 8.0182 79.6263 268.739
-5.10502 0.978696 7.50169 49.7664 296.11
0.894041 1.54947 9.62002 681.8 303.575
0.316691 1.45499 9.98174 632.033 303.575
0.938369 1.48584 10.097 689.265 298.598
0.293161 1.49168 10.6396 627.057 296.11
6.79042 -1.50782 11.1495 1094.86 84.6029
3.23813 0.590083 10.4007 855.982 231.414
-5.58678 1.66089 11.1809 213.996 303.575
-5.38446 1.52915 11.9763 248.832 291.133
-5.28762 1.04301 9.89356 184.136 268.739
1.02751 1.42214 15.7803 659.405 253.809
-10.7464 -0.240849 18.787 174.182 176.671
-8.13988 -0.663656 13.1731 129.393 149.299
-8.95612 0.59905 13.5485 84.6029 231.414
-4.41332 1.61068 11.9632 316.017 291.133
-5.11663 1.5932 12.2118 281.18 288.645
-5.51983 1.01374 12.8333 273.715 248.832
-11.8131 -0.210089 16.3876 57.2314 176.671
6.11948 -3.58569 71.1733 671.846 149.299
-5.5001 0.586396 8.8216 116.951 238.879
-4.30092 1.27857 22.5358 465.316 226.437
-5.14432 0.688956 23.8286 435.456 209.019
-13.4976 -9.66283 70.7238 470.293 87.0912
-14.5662 -11.7929 68.801 452.874 59.7197
-8.59665 1.19817 17.3009 228.925 241.367
-2.00549 1.41709 17.3292 520.059 248.832
-8.51637 -1.83025 12.0467 54.743 69.673
-10.8636 -0.381082 44.0727 425.503 181.647
0.892906 -8.42324 94.2931 614.615 121.928
-7.69759 -1.43627 13.2003 156.764 102.021
-8.07001 -1.78849 12.829 119.439 77.1379
-5.43923 1.12344 16.5544 350.853 233.902
-5.96723 0.388899 17.7114 348.365 201.554
2.70536 1.14096 10.4106 811.192 268.739
6.4814 -4.01236 26.6533 788.3 74.6496
-5.14466 1.59376 11.9611 280.683 289.641
0.913756 1.48274 9.98157 683.79 304.57
0.220287 1.51755 9.42185 627.057 295.612
1.31476 1.33428 14.362 683.79 259.781
-4.29559 1.60014 9.7659 256.795 316.514
-5.32698 1.57489 10.6019 212.005 304.57
-5.47128 1.56589 12.1319 256.795 286.655
3.21273 -0.0108605 36.1948 671.846 185.131
5.68705 -3.0496 64.0707 671.846 149.299
-1.83974 1.39448 16.4916 522.547 250.823
-6.82911 0.630184 51.5705 510.603 194.089
-8.31931 -0.110683 12.8007 122.425 179.159
-7.97428 -0.651622 12.9342 128.397 149.299
1.04925 1.37796 15.7771 659.903 253.809
2.60707 0.604065 29.3714 674.833 200.061
-8.41223 0.609622 12.9714 98.5375 223.949
-6.44897 0.460446 9.2497 56.7337 226.935
-8.27698 -0.110356 12.7629 98.5375 179.159
-11.6512 -0.207209 16.163 56.7337 176.173
-8.39246 -0.585396 12.6692 92.5655 149.299
-5.45055 1.01209 12.5908 271.725 250.823
-8.14334 -1.90189 12.2931 92.5655 65.6917
-8.5732 -1.81844 12.0795 56.7337 68.6776
-5.26474 0.803864 9.20393 149.299 256.795
-13.4085 -0.625734 72.3672 474.772 179.159
-11.8044 -0.411758 47.6205 426.996 179.159
-10.4328 -4.26198 47.7103 444.912 119.439
-10.5601 -3.00935 44.8669 429.982 134.369
-11.84 -1.95191 23.6954 235.893 125.411
0.870006 -7.04454 80.1068 615.113 122.425
-5.26754 -6.68279 72.5502 555.393 119.439
-7.94187 -1.51252 13.5545 158.257 101.523
-5.54365 1.16848 16.8722 355.332 238.879
-2.39188 1.55824 9.75871 415.052 316.514
-4.66353 1.60541 13.4531 334.43 286.655
-0.509336 1.45444 11.0307 570.323 286.655
-1.24453 1.51789 10.0304 498.659 304.57
2.43657 1.52815 13.5982 749.482 274.711
2.88246 1.20413 11.2731 812.188 268.739
8.01067 -1.75772 15.0037 1024.19 86.5936
6.48391 -2.18717 14.529 952.529 68.6776
6.75764 -1.51598 11.0957 1092.87 86.5936
2.79129 0.801262 6.56144 967.459 292.626
4.17207 0.61773 6.55106 1146.62 265.753
3.46583 0.63753 6.47449 1063.01 274.711
-4.29933 1.6116 12.3529 333.236 286.655
-5.11841 1.56907 11.9 283.071 290.238
-4.42332 1.62738 12.6083 336.819 268.739
1.01296 1.35872 15.5568 655.722 250.823
-7.86709 -0.642863 12.7604 128.995 146.91
-4.52704 1.24046 22.4136 458.647 229.324
-8.1174 -1.78104 12.9043 121.828 96.7459
-8.1905 -1.56562 12.3384 93.1627 85.9964
-8.54808 -1.58352 12.2117 75.2468 89.5795
-2.07 1.48046 18.1041 519.561 247.24
-8.22591 0.572336 12.5495 100.329 222.157
-8.77068 0.607661 13.3241 82.4132 225.74
-5.87554 1.14974 17.2964 336.819 247.24
-8.21096 0.306988 18.7266 286.655 193.492
-11.224 -0.724421 21.5048 214.991 161.243
-11.8258 -1.89428 23.7997 236.49 125.411
-11.1559 -0.313129 53.3944 451.481 179.159
-12.5433 -0.437535 50.6016 426.399 179.159
-10.0692 -2.91176 42.5299 429.982 136.161
-7.32352 1.17248 15.3848 243.656 247.24
-10.6577 -4.33731 39.8629 412.066 103.912
0.417598 0.502479 62.4467 601.974 186.325
-10.1091 -1.86023 25.1286 318.903 139.744
-5.51285 1.11061 16.7077 351.152 240.073
-6.3444 0.380992 18.525 351.152 204.241
-10.1644 -1.82706 18.4425 186.325 121.828
-7.76065 -1.47005 13.3402 157.66 100.329
-7.4175 -1.8122 12.999 161.243 78.83
-7.29931 -3.61169 71.6895 515.978 146.91
-5.44285 0.813863 9.46924 146.91 257.989
-5.1813 1.54616 10.312 211.408 304.57
-11.5457 -3.38247 37.8648 372.651 121.828
-4.75591 -6.12483 65.5036 555.393 118.245
-11.2903 -10.6182 69.2544 487.313 71.6636
-0.837712 1.3711 14.9826 566.143 254.406
-1.4499 1.48667 10.199 498.062 304.57
6.04558 -3.43135 68.1099 670.055 150.494
0.894239 1.45451 10.0746 695.137 297.404
2.85999 1.19875 11.3708 806.216 268.739
2.74975 0.783388 10.095 820.549 247.24
6.18172 -2.08524 13.8518 949.543 68.0805
6.86444 -1.46154 11.271 1085.7 85.9964
4.07331 0.603106 6.39597 1143.03 265.155
3.48022 0.66386 6.46777 1082.12 283.071
