-5.64787 0.529139 16.6946 350 212
5.32519 -2.16031 44.0982 696 151
-14.0428 -13.1103 74.6691 470 59
-0.253219 -0.413652 57.0118 604 181
-6.47333 -3.94723 90.8994 555 156
-15.7027 -14.2884 72.735 450 44
-7.33054 -1.18303 21.1467 346 144
-0.802418 1.45308 14.3514 565.2 265.2
-4.77055 1.57063 10.9847 266.4 301.2
-2.01892 1.44379 16.2717 513.6 255.6
-5.19079 -6.45174 50.2937 531.6 92.4
-13.3471 -13.2182 94.8153 508.8 86.4
5.04656 -2.07113 42.2779 696 150
-0.46023 1.17488 21.7761 592.8 226.8
-4.46947 1.58061 12.1153 319.2 289.2
-15.3548 -10.8985 78.1761 464.4 85.2
-11.3997 -6.90116 49.0136 436.8 84
-16.6786 -11.5709 73.4685 441.6 72
-5.35685 0.78963 16.8016 363.6 222
6.64238 0.315494 9.15073 1191.6 213.6
6.37942 -2.19237 13.1098 982.8 56.4
6.47528 -2.41344 14.9284 940.8 61.2
1.32756 1.40429 13.8696 681.6 265.2
2.52486 1.41939 13.4637 752.4 267.6
6.28596 -3.05306 17.5274 879.6 52.8
6.94305 -4.51759 80.752 670.8 145.2
-1.63038 1.56515 10.636 487.2 303.6
-5.66532 0.5054 16.6776 349.2 211.2
-14.2624 -13.3223 75.2803 470.4 58.8
-10.9385 -4.38404 44.883 428.4 115.2
-11.7606 -0.077279 25.0722 256.8 186
-10.568 -1.86508 18.5656 177.12 112.32
-5.30528 0.75888 16.6398 364.32 221.76
-10.6529 -2.14455 56.6445 469.44 159.84
-10.903 -2.86626 46.5994 434.88 142.56
-4.39786 1.25133 29.2203 495.36 218.88
-5.04511 1.26074 27.6441 472.32 221.76
-6.39439 0.544323 44.5442 502.56 195.84
-10.5026 -0.742082 37.5254 401.76 172.8
-11.2056 -2.08436 46.51 432 155.52
2.01454 -7.14022 164.43 616.32 155.52
-33.0738 -58.1259 1382.86 588.96 155.52
-5.87229 -0.0123946 41.3075 502.56 187.2
-14.5079 -10.4001 73.864 465.12 84.96
-16.1126 -11.1782 70.9753 442.08 72
-5.93056 -0.672211 114.625 570.24 182.88
3.73296 0.880196 5.51237 1199.52 326.88
3.44136 0.63959 5.48758 1154.88 288
6.28832 -2.14923 12.9596 983.52 56.16
2.72906 1.12118 9.39528 836.64 279.36
1.33589 1.39369 13.9565 682.56 264.96
1.06127 1.13954 28.4587 636.48 217.44
2.52502 1.39044 13.3654 753.12 267.84
6.39417 -3.58994 20.4464 842.4 53.28
-1.95673 1.41518 15.9492 514.08 256.32
-5.10861 0.106996 43.1064 521.28 188.64
-0.454716 1.44661 14.0938 583.2 266.4
-5.67946 0.504595 16.651 348.48 210.24
-9.77946 -4.12459 36.9626 413.28 105.12
-12.8865 -11.8554 67.5219 465.12 59.04
-3.80424 1.67123 8.59448 252 345.6
-4.96116 1.57366 10.8999 249.12 302.4
-5.20372 1.04987 8.79771 131.04 286.56
-11.4934 -3.20657 26.1298 277.92 95.04
-11.27 -0.627246 21.2531 207.36 165.6
-11.4289 -1.89014 21.8392 214.56 123.84
-10.6905 -0.694072 18.3327 167.04 159.84
-10.2458 -0.727552 36.7907 400.896 172.8
-18.2717 -12.6761 80.4859 442.368 72.576
-5.65264 -0.465492 79.3752 556.416 183.168
-4.69047 -3.48699 123.995 578.88 167.616
-7.39824 -4.2025 99.981 552.96 157.248
-6.6949 -0.077372 45.7509 501.12 186.624
-0.36015 -0.53391 61.7476 604.8 181.44
3.72375 0.868591 5.4875 1197.5 326.592
3.44997 0.639771 5.48913 1154.3 288.576
2.71489 0.955752 6.61996 952.128 309.312
2.80832 0.810045 5.61073 1041.98 314.496
2.71874 1.04641 5.98023 997.056 333.504
4.43024 0.137178 17.0481 806.976 193.536
1.36481 1.44256 14.0544 682.56 266.112
0.264184 1.28338 21.5631 620.352 231.552
2.53654 1.39678 13.4264 753.408 267.84
2.82782 0.140034 17.403 730.944 193.536
2.43948 1.54002 12.1943 763.776 286.848
3.1721 -3.61813 18.418 737.856 36.288
3.97686 -3.92765 59.7983 654.912 138.24
-5.12406 0.165523 42.7351 518.4 188.352
-0.430332 1.39194 13.939 584.064 266.112
-0.811903 1.45006 14.521 565.056 264.384
-2.36906 1.59114 8.54958 385.344 340.416
-1.85325 1.55207 8.87007 440.64 328.32
-12.6134 -12.7448 92.3409 509.76 86.4
-7.74656 -3.59019 52.4391 499.392 136.512
-4.73044 -5.74255 60.515 549.504 119.232
-15.0999 -13.8006 77.9829 464.832 58.752
-13.7032 -3.82973 43.5497 378.432 122.688
-11.189 -2.11047 50.2099 445.824 157.248
-10.4288 0.188987 23.4868 269.568 196.992
-5.35442 1.62045 9.88985 176.256 319.68
-5.00789 1.6087 11.0363 245.376 305.856
-5.14227 1.04957 8.69382 131.328 286.848
-11.3426 -4.25898 27.5284 300.672 72.576
-11.4636 -0.0755515 24.5117 257.472 186.624
-7.35756 -1.79026 12.4684 148.608 77.76
-10.4493 -0.738316 37.335 400.205 172.109
-6.3236 0.441403 46.7705 501.811 196.992
-4.79072 1.20611 25.6634 468.634 221.875
-7.55296 -1.8308 12.3906 141.005 62.208
-6.74252 -4.66912 166.031 578.534 167.962
-7.98211 -4.4505 105.881 553.651 155.52
-3.45877 -5.11964 45.8798 551.578 105.754
2.73578 0.113022 16.982 729.907 192.845
-0.925933 1.51666 10.2099 534.989 304.819
-1.45459 1.51412 9.32003 491.443 319.334
2.8073 0.817553 5.60869 1040.95 313.114
6.40736 -2.23521 14.4475 947.635 70.5024
0.313699 1.50209 9.09029 630.375 311.04
1.34066 1.35916 13.6108 684.288 265.421
2.73732 1.14096 9.56107 833.587 277.862
-5.32395 1.6071 9.80836 176.256 317.261
-5.20153 1.00148 9.13788 153.446 277.862
-5.2709 1.06093 8.89038 130.637 284.083
-2.46097 1.61971 8.97135 373.248 331.776
-0.452037 1.3991 14.0108 582.682 265.421
0.931877 1.07013 24.989 634.522 215.654
3.73543 0.867213 5.52738 1196.47 323.482
-5.0534 1.62832 11.1708 250.906 302.746
-4.51807 1.6231 11.9321 311.04 294.451
-11.9405 -1.943 22.8167 215.654 124.416
-0.267555 0.48472 60.2395 603.418 190.771
-15.714 -15.3182 95.5737 489.37 70.5024
-8.49109 -0.594245 12.1303 55.9872 145.152
-11.4902 -2.05334 28.2684 304.819 136.858
8.8225 -4.59855 102.611 671.846 153.446
-8.49535 -1.05591 23.5613 337.997 153.446
-13.4463 -3.75792 42.7331 377.395 122.342
-8.32102 -1.00214 23.0779 342.144 145.152
-11.3398 -8.11812 59.4178 466.56 85.0176
-12.8304 -9.50391 50.9027 420.941 49.7664
-5.83999 0.0513529 47.0678 518.4 188.698
1.4733 -7.40044 135.656 613.786 147.226
-5.96458 1.49737 18.9558 367.027 252.979
-8.0375 -3.42488 48.0712 485.222 134.784
2.80494 0.819141 5.61959 1042.61 313.528
3.6963 0.844649 5.48075 1179.46 323.482
2.41894 1.54859 12.2622 773.868 286.157
2.71466 0.943265 6.59704 953.027 308.552
6.22679 -3.1334 17.7058 878.377 49.7664
-0.404671 1.49983 10.6977 567.337 301.087
-0.820903 1.39068 14.3256 564.849 263.762
6.245 -2.15852 12.9073 980.398 59.7197
0.942413 1.49643 9.05607 691.753 320.993
0.287164 1.47042 9.05107 632.033 311.04
2.57009 1.40319 13.31 758.938 268.739
-5.4273 1.64798 9.97321 174.182 318.505
-11.2359 -0.239032 18.6453 151.788 179.159
1.08322 1.41728 15.0303 664.382 261.274
2.42354 0.507648 26.474 676.823 201.554
1.01941 1.14175 29.5402 634.522 216.484
-4.47408 1.58224 12.1279 320.993 291.133
-0.439178 0.501134 75.2969 604.662 191.601
-11.8964 -1.94099 22.7931 216.484 124.416
-11.9751 -8.5729 62.7464 467.804 87.0912
-16.2195 -13.1911 75.1292 450.386 59.7197
7.02436 -3.98689 79.1369 674.335 151.788
-7.61269 -1.20916 21.6137 340.9 144.323
-8.29906 -1.50743 11.6249 47.2781 87.0912
-5.54771 -0.55439 76.4091 554.895 184.136
0.895857 -8.45108 94.6047 614.615 121.928
-6.19804 0.377448 17.1899 345.877 209.019
-3.49627 -5.30894 50.0732 552.407 104.509
2.6931 0.595977 28.9781 677.818 200.061
1.01134 1.13271 29.3064 633.029 217.977
-5.30499 1.58512 9.67426 182.145 313.528
-5.16765 1.01089 8.77802 131.383 283.669
-1.95674 1.40898 16.1323 516.575 256.795
-5.2255 0.538805 44.0927 510.603 194.089
-0.257066 0.30469 57.8781 612.127 191.103
6.53256 -2.40748 22.707 824.132 110.481
-11.0981 -0.720535 19.0317 170.201 158.257
-7.84536 -0.594164 11.7937 86.5936 149.299
-11.5083 -2.0241 28.41 307.556 143.327
3.02627 -0.0152488 50.8197 650.945 185.131
7.358 -4.17625 82.8957 671.846 149.299
-11.432 -1.84955 22.0799 217.977 125.411
-11.5299 0.315331 25.8048 274.711 194.089
-10.706 -4.4775 39.6313 409.08 104.509
-11.8118 -0.405196 46.8616 421.024 182.145
-27.2838 -11.0704 120.184 441.926 119.439
-12.3807 -3.55844 49.9457 432.968 137.355
-7.62022 -1.40543 12.1408 116.453 98.5375
0.850756 -6.88867 78.3344 615.113 122.425
-5.65584 -7.17542 77.8984 552.407 119.439
-5.58218 1.16836 15.9116 340.402 244.851
-8.67128 -4.46302 81.8108 531.505 149.299
-5.32135 0.822073 8.34863 89.5795 271.725
-5.12687 1.61549 11.2985 250.823 301.584
-3.43894 -5.25063 46.4743 552.407 104.509
-4.58483 1.61512 13.226 337.416 283.669
6.57986 -2.53223 18.3469 877.879 83.6076
2.39667 1.49417 12.2356 761.426 283.669
0.312094 1.48182 9.04377 639.001 316.514
2.74197 1.12171 9.62407 833.09 277.697
3.55125 0.338067 15.3964 779.342 209.019
5.93684 -2.02954 12.3414 979.403 59.7197
2.80167 0.823698 5.59743 1045.09 313.528
3.46166 0.674279 5.45941 1158.56 289.641
-7.66031 -1.8407 12.3414 128.995 71.6636
6.79359 -4.17878 27.0101 795.466 71.6636
-6.76195 0.611146 50.0126 508.812 193.492
3.50001 -0.0118317 39.4313 673.638 200.658
-4.48253 1.64763 11.7519 308.154 300.987
-11.4558 -0.109576 24.4952 250.823 179.159
-11.4443 -1.85651 22.1631 218.574 125.411
-7.7227 -1.44787 12.3589 118.245 96.7459
-7.73663 -1.46445 12.3537 121.828 75.2468
-9.84016 -0.39159 45.288 433.565 189.909
-11.3504 -1.91181 27.9243 308.154 139.744
-11.199 -1.78971 27.8378 297.404 132.578
-0.319113 0.211912 54.7118 594.808 175.576
1.26407 -5.79666 133.489 609.141 154.077
-9.68102 -4.07767 35.6532 408.483 103.912
-12.857 -0.441052 51.0084 422.815 179.159
-5.60033 1.19758 15.7141 336.819 243.656
-6.08215 0.445949 17.066 336.819 207.825
-8.92391 -3.20495 58.7493 494.479 146.91
-5.11933 0.829815 8.08461 89.5795 272.322
-7.06277 1.19818 13.9407 214.991 254.406
-4.74677 -6.11305 65.3777 551.81 118.245
-13.1542 -13.0436 81.382 487.313 75.2468
-1.868 1.42051 15.7622 515.978 254.406
9.35868 -5.24737 107.114 670.055 150.494
1.37886 1.34206 13.0753 687.971 265.155
2.76334 1.11696 9.6991 831.298 275.905
2.46049 1.54049 12.4728 759.635 283.071
2.82258 0.837692 5.63922 1053.46 300.987
