-5.50087 0.572866 15.375 334 216
-7.05491 -3.94909 97.1678 555 156
-15.6891 -14.0945 71.7476 448 44
-4.6586 1.5809 9.81515 231.6 315.6
-5.40791 0.814627 15.9198 348 226.8
-5.66441 0.565674 15.7708 332.4 214.8
4.93643 -1.9575 39.9583 698.4 150
-0.890193 1.44119 13.8532 559.2 268.8
-4.7634 -5.82763 44.9412 529.2 92.4
2.8935 -3.49215 16.9372 739.2 30
-14.3783 -10.0629 72.1819 462 85.2
-12.0436 -7.12064 50.5723 433.2 84
1.9341 -5.06127 73.9261 620.4 135.6
-14.9715 -30.7611 708.386 589.2 156
6.8017 -1.55385 10.822 1102.8 80.4
6.38876 -2.38452 13.7996 966 51.6
1.33409 1.44212 12.9935 687.6 272.4
6.27171 -3.07383 16.587 896.4 45.6
6.20383 -3.97234 71.0056 672 145.2
-1.59644 1.56445 9.5481 474 319.2
-15.5795 -14.3329 81.6324 468 58.8
-11.4818 0.0256417 23.502 241.2 188.4
-5.10451 0.164892 42.5721 519.84 190.08
-10.6498 -4.40932 55.3985 466.56 128.16
-11.5823 -2.89006 48.0737 433.44 142.56
-5.99324 0.101659 40.956 501.12 188.64
-12.1328 -0.208424 46.5924 416.16 184.32
-11.2209 -1.93527 46.0417 427.68 155.52
-9.39234 -3.93461 50.3137 470.88 129.6
-14.2499 -10.1434 72.0405 463.68 84.96
-4.96045 1.31299 26.376 468 224.64
2.23305 -7.66115 182.265 616.32 155.52
2.78438 0.531857 6.9788 933.12 252
6.33543 -2.18415 12.1509 1015.2 46.08
1.04359 1.15145 26.0419 637.92 220.32
1.34781 1.41947 12.9518 688.32 273.6
2.53268 1.43041 12.5728 766.08 276.48
-1.94693 1.44241 14.8585 509.76 262.08
-0.474791 1.27455 22.465 591.84 230.4
-0.438038 1.46269 13.0157 581.76 275.04
-5.24619 0.771944 15.5073 348.48 227.52
-9.95318 -4.11139 36.8443 408.96 105.12
-18.1248 -16.0883 91.63 463.68 59.04
-10.9312 -4.28332 43.8519 424.8 115.2
-5.19351 1.69328 10.4228 213.12 318.24
-5.20395 1.59014 9.78796 184.32 316.8
-11.6438 -0.588188 20.9155 187.2 167.04
-11.1826 -0.665981 18.2617 141.12 161.28
-7.84253 -3.56748 52.1074 497.664 138.24
-6.06489 0.102874 41.4457 499.392 188.352
-11.8853 -0.758098 41.236 395.712 174.528
-9.47763 -4.84516 123.441 552.96 158.976
2.725 0.978263 5.68109 1021.25 338.688
6.38966 -2.14416 10.8381 1074.82 32.832
6.5318 -2.24586 12.4942 1009.15 53.568
2.42121 1.56617 11.1709 781.056 298.944
2.64968 0.545539 26.5257 682.56 202.176
2.84616 0.180408 16.6601 739.584 195.264
2.52624 1.41699 12.4548 765.504 276.48
6.41643 -3.61298 19.6437 855.36 46.656
3.93898 -3.97336 60.4941 654.912 138.24
-1.97391 1.49928 15.2261 511.488 267.84
-5.44612 0.17001 43.8934 518.4 190.08
-0.412989 1.43851 12.8005 582.336 274.752
-8.42705 -4.82812 86.3028 537.408 145.152
-14.5653 -13.506 76.3183 464.832 58.752
-10.5298 -1.8318 46.6691 442.368 158.976
-11.9226 -4.59032 52.1988 440.64 122.688
-11.2206 0.02513 23.033 241.92 188.352
-10.6689 0.217888 23.0871 260.928 196.992
-5.32437 1.65197 8.87644 129.6 338.688
-11.4628 -1.81378 20.9569 195.264 124.416
-7.31694 -1.72435 11.4545 107.136 70.848
-12.0467 -0.768392 41.796 393.984 174.182
-7.88472 -4.3962 104.589 553.651 155.52
2.85619 0.159081 16.856 740.275 194.918
6.9059 -1.57766 10.9878 1105.23 80.8704
2.51986 1.41341 12.4234 765.159 273.715
1.36286 1.47175 13.0963 688.435 271.642
6.06316 -3.03865 16.2749 893.722 49.7664
-0.362741 1.49269 9.95535 578.534 306.893
-10.9685 -4.04243 25.6672 288.23 70.5024
0.39392 1.40822 22.1104 620.006 234.317
1.09252 1.21385 29.2967 636.595 219.802
6.65475 -2.37008 22.0648 833.587 105.754
-5.17979 1.69353 10.4244 213.581 317.261
-4.50706 1.62309 11.2422 292.378 304.819
-4.37625 1.60729 10.6211 284.083 308.966
-13.3928 -13.0555 81.4559 487.296 70.5024
-11.5337 -1.80025 21.1403 196.992 124.416
-0.31005 0.35379 53.158 605.491 192.845
-11.5877 -1.88096 27.4738 294.451 136.858
-9.86719 -1.67932 16.4882 149.299 109.901
7.69812 -3.88671 86.7275 673.92 153.446
-12.2736 -3.38529 38.4957 371.174 122.342
-12.0488 -3.3233 37.7908 360.806 122.342
-1.96501 1.47143 15.1574 508.032 261.274
-5.55156 0.173301 44.7432 516.326 188.698
-13.6516 -9.68965 69.5047 464.486 85.0176
-17.0697 -15.1651 85.6931 464.486 58.0608
1.37589 -9.05436 170.317 615.859 149.299
-7.70933 -1.59954 11.5893 91.2384 76.7232
-7.00256 -2.36586 46.9606 482.734 154.276
-0.953855 1.54801 9.3682 530.012 320.993
-5.21998 1.0806 7.86352 64.6963 303.575
0.948271 1.52507 8.1338 691.753 325.97
0.276517 1.52503 8.71551 632.033 323.482
1.35183 1.40423 12.6521 691.753 273.715
-6.72069 -6.79143 49.7075 512.594 92.0679
-13.5001 -13.6407 98.8322 507.617 87.0912
1.06493 1.22292 28.5568 637.01 218.972
-0.763224 1.37446 12.7023 562.36 271.227
-0.269366 0.488 60.6472 602.174 189.112
6.76515 -2.45192 22.5348 833.587 104.509
-12.9234 -3.54903 40.3577 373.248 121.928
-8.07619 -1.24579 21.7282 330.947 144.323
-12.2031 0.141118 17.5377 77.1379 194.089
-2.04939 1.53462 15.8083 510.106 261.274
-10.9818 -0.149629 17.3048 126.904 181.647
-11.5566 -1.80246 18.4533 141.834 119.439
-11.4575 -0.58168 20.6841 189.112 169.206
-11.4865 -1.79746 21.1076 196.577 124.416
-7.78302 1.33676 14.8329 204.042 258.785
-4.49229 1.44215 20.4137 432.968 238.879
-5.19279 0.800826 22.3267 432.968 213.996
-12.4728 -8.73813 63.9557 465.316 87.0912
-15.0981 -10.9645 58.2911 418.038 49.7664
6.33583 -3.24493 68.1745 676.823 151.788
-10.7881 -0.246911 42.1029 418.038 184.136
-8.03238 -0.957719 21.3704 328.458 156.764
-10.1681 0.269691 22.07 261.274 196.577
-5.44037 -0.235467 76.3943 554.895 184.136
-3.70882 -5.45749 48.3053 549.919 119.439
-3.73913 -5.33764 47.8335 552.407 104.509
-10.7745 -10.6847 66.0903 477.758 74.6496
-5.09359 1.65109 10.2509 214.991 316.514
-5.37289 1.61923 10.0531 185.131 316.514
2.52721 0.579739 26.4027 680.805 203.047
-4.61729 1.67103 12.2845 298.598 295.612
-5.71732 1.25785 15.3819 304.57 262.767
3.30815 -0.0106809 35.5963 677.818 185.131
10.5136 -5.9673 118.447 674.833 149.299
-11.8298 -1.76744 19.1879 143.327 119.439
-7.9703 -1.4152 11.6645 83.6076 92.5655
-11.5419 -3.23383 36.2008 361.304 122.425
-18.0043 -14.4563 82.3352 447.898 59.7197
-4.39276 1.36637 21.4533 447.898 238.879
-5.66918 0.514269 15.5432 325.472 212.005
-12.2634 -0.211798 47.3466 418.038 182.145
-10.0438 -2.76419 41.2119 429.982 140.341
0.859601 -6.96029 79.1487 615.113 122.425
-9.23967 -11.085 120.342 552.407 119.439
-11.4158 -1.60539 27.3369 295.612 140.341
-9.05193 -4.30253 85.4022 531.505 149.299
-5.22677 1.0733 7.89028 65.6917 301.584
-10.8551 -4.44823 39.3722 403.108 104.509
-3.35758 -4.94065 43.7306 552.407 104.509
6.61793 -2.50718 17.6324 895.795 77.6356
2.62018 1.43832 12.4897 758.44 280.683
2.46533 0.522127 25.3873 695.734 197.075
6.28485 -2.18291 14.7737 934.613 74.6496
6.97351 -1.5931 11.0953 1107.8 80.6216
-7.85986 -1.43343 11.5499 71.6636 93.1627
12.3868 -6.94523 141.772 673.638 150.494
-11.8403 -1.82722 21.8134 197.075 125.411
-5.74295 1.22368 15.2229 322.486 250.823
-6.1643 0.495164 16.3398 318.903 211.408
6.47451 -3.9375 24.782 802.633 68.0805
-11.041 -0.370572 42.8573 415.649 182.742
0.344569 -5.95175 137.061 609.141 157.66
-11.2191 -1.733 26.9557 300.987 143.327
-9.1808 -1.53183 72.3705 519.561 171.993
-11.1985 -0.152916 17.685 125.411 182.742
-9.56849 -3.94934 34.5312 404.9 103.912
-7.68709 -9.195 98.3383 551.81 118.245
-1.94293 1.44961 15.1497 508.812 261.572
1.12008 1.49426 14.1738 666.472 265.155
2.73434 1.09693 8.78255 859.964 286.655
2.40223 1.52724 11.2274 788.3 297.404
6.66575 -0.901275 14.0188 978.209 136.161
