-5.29494 1.13009 9.93311 186 276
-6.17084 0.680726 14.9262 291 220
-0.397475 1.4154 15.7055 589 254
-1.79582 1.49548 17.3998 529 251
3.04091 1.48944 10.5193 837 297
-0.39341 1.49255 11.6896 582 285
-4.22469 1.67095 9.11467 238 332
-4.62213 1.6602 9.48804 220 327
1.07391 -3.55232 17.229 655 28
-11.4786 -1.47629 17.624 113 122
2.91281 -3.3291 16.256 745 28
-6.66567 -3.73121 91.8069 556 155
2.72242 0.685622 4.33156 1180 330
6.3855 -1.71692 13.8341 965 89
6.35618 -2.35988 12.7344 995 41
3.37373 0.92951 14.2822 790 235
3.58653 0.3131 14.2594 802 201
6.45291 0.45093 17.2566 893 204
1.35388 1.48921 12.195 695 280
-4.34146 1.63817 15.7467 397 265
-11.9799 0.796416 16.946 68 222
-7.7011 0.923411 13.3335 163 239
-11.4533 -1.16024 15.3838 38 129
-11.0768 -0.576603 17.1168 115 160
6.30702 -3.91378 69.9589 673.2 144
-1.08437 1.57532 10.5065 526.8 303.6
-1.55467 1.5473 12.9661 514.8 277.2
5.00258 -1.88495 39.6019 700.8 148.8
-2.01217 1.615 8.80951 423.6 332.4
-5.12977 -6.11533 47.1599 528 90
0.315174 1.51841 7.86486 637.2 343.2
-10.0846 -3.97785 46.712 452.4 123.6
-5.76617 1.24919 14.5342 303.6 252
-5.86905 1.23678 14.3899 295.2 252
-12.9222 -12.491 77.9344 487.2 68.4
1.06675 -3.60919 17.5048 654 28.8
0.76901 -3.84969 18.5461 638.4 27.6
-11.6719 -1.7419 17.5828 104.4 110.4
2.86683 0.756798 6.652 972 280.8
6.66227 -0.775427 10.2815 1125.6 124.8
6.31022 -2.18605 13.8802 961.2 63.6
6.38609 -2.18006 11.257 1053.6 32.4
6.49036 -2.1802 12.7196 1004.4 48
3.36514 0.907325 14.2459 790.8 234
2.70354 1.50971 9.97629 824.4 304.8
2.56773 1.4866 11.7713 778.8 283.2
2.80435 1.22017 15.1793 750 246
0.676579 1.51082 7.99844 676.8 339.6
1.17958 1.54939 8.58182 718.8 331.2
6.15979 -2.959 15.2791 915.6 36
6.18045 -3.55013 17.5741 874.8 32.4
-0.299538 1.45169 15.1714 592.8 258
-0.228545 1.54545 8.56003 586.8 334.8
-0.833965 1.48059 12.7032 556.8 274.8
-5.61625 1.54524 17.6924 367.2 250.8
-5.72738 0.836945 17.8084 363.6 220.8
-4.45661 1.71441 13.2826 348 285.6
-1.58826 1.59532 8.57204 459.6 336
-15.7421 -14.3875 81.2994 466.8 56.4
-11.2438 0.0854905 22.0721 225.6 188.4
-5.44278 0.613311 14.3217 315.6 217.2
-4.35599 1.72481 9.77951 253.2 326.4
-11.0442 1.29795 15.8723 76.8 247.2
-8.29135 0.98942 14.2866 162 238.8
-9.13641 1.10446 14.4922 123.6 244.8
-4.96031 1.08046 6.94816 22.8 315.6
-5.4756 1.62785 9.08641 126 328.8
-11.4383 0.0384217 15.4792 39.6 187.2
-10.8618 -1.11384 15.3343 64.8 130.8
6.58033 -1.9846 9.75709 1144.8 22.8
-5.10019 0.276676 41.5715 518.4 190.08
-10.465 0.294915 21.6675 244.8 195.84
2.8446 -3.29883 15.9995 744.48 27.36
-4.42583 1.33645 27.6192 489.6 221.76
-5.50818 0.144421 37.2868 499.68 188.64
-10.3381 -4.23613 54.1693 469.44 128.16
-11.2922 -4.57595 57.492 465.12 126.72
-17.5007 -11.6762 74.7979 439.2 70.56
-10.2078 -1.7117 40.7227 426.24 155.52
-4.962 1.3826 25.626 463.68 226.08
-18.1408 -30.8267 758.494 590.4 155.52
-11.6748 -1.1084 18.4372 131.04 139.68
-11.4821 -1.50127 17.6294 115.2 128.16
-10.6207 -1.72782 16.7357 125.28 106.56
-11.7377 -1.78005 17.7191 105.12 110.88
-10.6993 -0.570904 36.5914 391.68 174.24
-4.98357 -0.430881 96.3216 570.24 182.88
2.80972 0.701308 4.81121 1134.72 318.24
2.72011 0.679019 4.32788 1189.44 331.2
2.83965 0.742856 6.61028 972 280.8
6.37494 -3.07529 15.5446 923.04 33.12
6.19229 -2.1139 10.9154 1054.08 33.12
6.41157 -2.39832 12.8453 995.04 41.76
3.41903 0.921856 14.474 789.12 230.4
6.3521 0.443886 16.9871 892.8 204.48
2.40338 1.5825 9.99775 803.52 312.48
2.52707 1.46306 11.5849 780.48 283.68
1.05126 1.18698 24.5302 640.8 220.32
2.76294 1.20215 14.9552 750.24 246.24
1.17517 1.54737 8.63718 718.56 331.2
1.37976 1.49889 12.2743 695.52 280.8
6.2039 -3.01199 15.4418 915.84 36
6.42724 -0.98352 17.5804 885.6 141.12
4.98591 -1.93357 39.4699 701.28 148.32
-1.48794 1.50066 15.4584 535.68 260.64
-1.87153 1.46349 13.7012 501.12 267.84
-0.453905 1.25536 20.1504 593.28 231.84
-4.71524 0.233636 60.3205 551.52 188.64
-1.51437 1.57127 8.90899 472.32 328.32
-1.58621 1.56059 13.0774 515.52 279.36
-0.217561 1.57319 8.14861 588.96 342.72
-0.337235 1.44936 12.0054 586.08 279.36
-0.456522 1.49054 12.0684 580.32 283.68
-5.34525 0.841081 14.8247 331.2 230.4
-5.61533 0.831358 17.6895 364.32 221.76
-4.31616 1.56927 13.3053 348.48 286.56
-2.4993 1.68396 12.9075 457.92 288
-10.1701 -2.52311 41.9697 430.56 141.12
-8.31784 1.53518 14.7567 175.68 266.4
-4.64947 1.65203 9.517 218.88 326.88
-4.77199 1.32488 10.2647 240.48 288
-5.43874 1.63987 13.9039 306.72 277.92
-11.5541 0.168683 15.5774 40.32 194.4
-8.03951 0.942356 13.886 162.72 239.04
-8.73813 1.04626 13.9839 123.84 244.8
-11.2285 0.741679 16.7743 97.92 220.32
-5.76826 1.59689 8.91361 89.28 331.2
-4.94833 1.66685 9.02385 167.04 334.08
-11.5545 0.0169961 15.5779 41.76 187.2
-11.4326 -1.13677 15.3559 37.44 128.16
-11.4744 -0.497427 19.6302 167.04 165.6
1.79107 -3.23337 18.712 680.832 55.296
-7.95715 -4.55891 81.4905 537.408 145.152
-5.18974 -4.37036 45.3894 525.312 114.048
-7.69115 -1.6733 10.8155 46.656 63.936
-5.89536 1.21454 14.6038 298.944 250.56
-0.279182 -0.368624 62.8574 606.528 181.44
1.82423 -6.25856 148.896 616.896 155.52
-11.8013 -1.1204 18.6369 129.6 136.512
-11.7198 -1.75272 17.6921 105.408 110.592
-11.1433 -0.58899 37.7506 390.528 174.528
-7.97041 -0.853429 20.3038 312.768 155.52
-4.90183 -3.28359 129.582 580.608 167.616
-7.76861 -3.83072 101.182 552.96 157.248
2.82281 0.711299 4.83362 1133.57 317.952
2.68876 0.701112 6.23882 972.864 281.664
6.68364 -1.43182 9.69041 1156.03 70.848
6.3215 -2.15741 13.8204 960.768 63.936
6.4184 -2.17535 11.3139 1052.35 32.832
6.50789 0.456471 17.4687 891.648 205.632
2.43948 1.55998 10.0318 800.064 311.04
2.55142 1.45856 11.5493 781.056 285.12
3.31481 1.41469 10.1916 874.368 297.216
2.66034 0.596893 25.5644 686.016 202.176
1.03374 1.20635 24.9305 639.36 221.184
2.84137 0.209332 15.3797 749.952 195.264
0.676691 1.51107 7.99976 677.376 340.416
1.1822 1.56049 8.77858 717.12 331.776
1.34153 1.45881 12.0837 696.384 279.936
6.46291 -3.63405 18.9006 869.184 38.016
4.25222 -4.28933 65.3048 656.64 136.512
-1.81733 1.54512 13.5811 502.848 267.84
-5.19343 0.278576 41.8568 516.672 190.08
-6.15764 0.158465 40.9127 497.664 188.352
-0.923385 1.6153 8.48902 518.4 340.416
-1.4913 1.55417 12.5836 520.128 278.208
-0.194918 1.55075 8.14981 589.248 342.144
-0.370388 1.48177 11.9974 585.792 279.936
-0.433015 1.4843 11.884 580.608 283.392
-5.35263 0.862894 14.8452 331.776 229.824
-2.50054 1.69699 13.0074 457.92 288.576
-3.49913 -7.12349 108.455 585.792 138.24
-10.2265 -4.11824 36.9058 404.352 103.68
-15.1502 -13.2613 75.5293 463.104 57.024
-10.2843 -1.69434 44.7532 438.912 157.248
-7.03514 0.906828 14.238 228.096 235.008
-11.2423 0.0854791 22.0692 226.368 188.352
-4.43075 1.67625 9.73454 248.832 324.864
-4.79834 1.6554 9.169 188.352 333.504
-5.48487 1.22151 10.236 184.896 276.48
-5.47399 1.66997 13.994 307.584 278.208
-8.95058 1.08439 14.2288 126.144 243.648
-5.42187 1.67559 9.20986 136.512 333.504
-11.3267 -0.0760097 16.9916 100.224 183.168
-11.5006 -0.0691011 15.4473 34.56 183.168
-11.0847 -0.575779 17.0923 115.776 160.704
-11.7616 -1.74674 20.5119 174.528 120.96
-10.7286 0.333244 22.2133 246.758 196.992
-10.9887 0.08378 21.6305 226.022 188.698
-5.07454 1.3775 26.2073 460.339 226.022
-11.2248 -0.587761 37.6718 389.837 174.182
-11.5605 -1.20178 18.297 124.416 136.858
-11.3956 -1.6109 18.3183 136.858 122.342
-7.5605 -4.21543 100.288 553.651 155.52
6.21818 -2.15416 13.6777 958.003 64.2816
3.5969 0.475786 14.3801 802.483 211.507
2.81628 0.209058 15.3596 748.57 194.918
6.27143 -2.38601 15.9977 908.237 72.576
6.4266 -2.28299 20.4591 846.029 99.5328
-11.218 -0.0517619 16.7935 99.5328 182.477
-11.6281 -0.0478721 15.5315 43.5456 184.55
6.34576 -2.31587 12.7847 993.255 43.5456
-2.40363 1.64311 12.5944 458.266 286.157
6.39808 -0.963538 9.33286 1152.92 101.606
7.11866 -1.50459 10.2797 1155 70.5024
6.68646 -0.842457 13.1039 1007.77 134.784
2.50506 1.44113 11.4112 781.747 284.083
-11.707 0.755236 16.5599 70.5024 221.875
-1.56608 1.57683 13.0613 516.326 279.936
-5.7133 1.59054 8.80975 87.0912 331.776
0.977679 1.1466 24.3971 638.669 219.802
-4.25659 1.70932 9.46765 257.126 325.555
-4.57113 1.5293 10.3923 259.2 302.746
-13.6377 -13.073 81.5651 487.296 68.4288
-8.55027 -2.29078 17.8575 238.464 87.0912
-5.13274 1.74642 9.38394 167.962 333.85
-5.38632 1.66067 9.12789 136.858 331.776
-9.00697 1.05138 14.3185 124.416 242.611
-11.846 0.4519 18.2662 116.122 203.213
-0.259427 1.52449 9.71668 586.829 311.04
-0.408849 1.44086 11.6662 584.755 282.01
-4.3453 1.71522 9.72515 248.832 323.482
-4.76975 1.64117 9.09021 188.698 331.776
-4.67938 1.41003 10.4728 240.538 288.23
-11.6222 -1.74178 17.5816 103.68 109.901
1.80905 -3.19313 18.6291 682.214 53.9136
-0.163817 0.50683 53.7031 605.491 190.771
-1.77874 1.46155 17.005 534.989 259.2
-5.37602 0.164141 42.3782 514.253 188.698
-5.42102 0.589377 39.2865 505.958 196.992
-10.1128 -1.66009 15.8659 122.342 105.754
-11.4284 -0.569116 17.6222 116.122 159.667
-11.5353 -1.7173 20.1662 176.256 120.269
6.30273 -3.08548 68.8489 673.92 153.446
-12.7521 -8.92477 64.0182 462.413 85.0176
-15.1489 -10.7929 56.9576 416.794 47.6928
-11.288 -1.77382 25.9089 284.083 134.784
-11.0189 -4.16625 47.3764 437.53 120.269
-10.6596 -2.67504 43.4906 429.235 141.005
1.65524 -7.67824 152.408 615.859 147.226
-11.2981 -1.65134 18.2023 136.858 121.928
2.67881 1.08058 7.55739 903.26 298.598
2.80017 0.185212 15.1567 748.984 194.089
6.60565 0.366032 17.7975 890.819 199.066
1.20426 1.53422 9.13104 711.66 318.505
1.33928 1.42176 11.9141 699.218 281.18
6.70035 -1.42189 9.71463 1159.56 69.673
6.61824 -2.38037 21.0691 846.029 99.5328
6.37933 -2.35915 16.2729 910.725 72.1613
6.51792 -2.16573 12.8436 1005.28 52.2547
-1.51907 1.56474 12.6692 515.082 281.18
-2.01339 1.53825 14.5911 502.641 266.25
-11.2668 -0.0752937 16.8316 99.5328 181.647
-11.3221 -0.117123 16.1425 72.1613 181.647
-5.11143 1.26441 7.6519 59.7197 323.482
-5.2986 1.22453 10.2613 184.136 278.692
2.41106 1.56379 10.1471 798.751 308.552
2.51502 1.39905 11.4566 786.309 286.157
-0.364677 1.50884 8.97997 577.29 320.993
-11.3548 0.746915 16.8928 94.5562 218.972
-11.5963 0.772433 16.4357 69.673 221.461
-14.4752 -12.8601 72.6685 475.269 72.1613
0.973024 1.37362 18.0241 646.963 241.367
1.01549 1.11692 24.4905 637.01 218.972
-7.31017 -1.68384 10.5059 57.2314 59.7197
-4.6195 1.52605 10.4692 261.274 301.087
-6.03085 1.5679 14.49 283.669 268.739
-11.5611 -3.17006 35.4869 368.271 121.928
-10.67 0.941539 17.913 156.764 226.437
-8.63977 1.01075 13.7652 124.416 243.855
-11.5567 0.440866 17.8202 116.951 204.042
5.50475 -2.73734 57.5103 676.823 151.788
-10.0102 -1.63967 15.6707 121.928 106.998
-5.62974 1.52636 18.0513 373.248 248.832
-11.6591 -0.452088 20.0415 169.206 169.206
-11.6452 -1.73366 20.3584 176.671 121.928
-12.0123 -8.29719 60.7284 465.316 84.6029
-11.8573 0.0253955 23.2764 226.437 189.112
-11.162 -0.0717236 42.411 413.061 184.136
-10.6971 -4.04457 45.9927 437.944 119.439
-5.03491 -0.115071 68.0425 554.895 184.136
0.90266 -8.51525 95.3231 617.103 136.858
-2.29251 1.53373 12.0122 460.339 286.157
6.93615 -1.47402 9.97603 1161.55 68.6776
-11.5708 -1.64345 17.8418 116.453 116.453
-11.1662 -0.0978264 16.6813 98.5375 182.145
-1.54669 1.55718 12.7516 516.575 280.683
-1.92693 1.50249 14.2519 504.631 268.739
-11.0893 -4.41064 39.0394 400.122 101.523
-13.6723 -13.3883 103.248 498.659 86.5936
2.62954 1.45561 11.4004 809.202 289.641
2.2998 1.44546 10.9625 788.3 286.655
-9.5385 1.61968 15.1635 125.411 271.725
-0.747468 1.41883 11.8896 558.379 280.683
-9.82941 -1.63502 15.4213 119.439 107.495
-10.4242 -2.75302 16.4623 125.411 56.7337
-11.484 0.72713 16.9795 92.5655 220.963
4.2086 -0.15777 18.2464 773.37 179.159
-11.4811 -4.14422 25.8567 277.697 68.6776
-10.9297 0.964455 18.349 158.257 223.949
-3.13092 1.33231 22.921 498.659 223.949
-4.53522 1.51729 10.3107 262.767 301.584
-6.04062 1.5298 14.322 289.641 262.767
-0.502889 0.366484 69.6164 606.155 191.103
3.22918 -0.00997789 33.2532 680.805 185.131
6.76249 -3.6659 72.7655 674.833 149.299
-19.1355 -15.0768 85.8694 447.898 59.7197
-5.56933 1.27858 14.1873 298.598 250.823
-5.56402 0.528108 14.1737 310.542 214.991
-11.0195 -0.90046 17.8735 128.397 149.299
-8.93365 -0.416906 48.2159 474.772 179.159
-12.1999 -0.207361 46.3546 415.052 182.145
-10.3273 -2.62051 41.6618 426.996 137.355
19.5056 -98.2575 2916.83 612.127 155.271
0.819045 -6.6319 75.4145 615.113 119.439
-4.93788 1.01846 19.3764 415.052 223.949
-10.2098 -0.199442 23.0658 286.655 161.243
-3.03526 -4.46636 39.5326 552.407 101.523
2.65509 1.05017 7.49048 901.767 298.598
3.8844 0.0739398 14.0454 821.146 188.117
6.45281 -2.42352 16.4021 910.725 71.6636
2.77162 0.688518 4.72347 1140.65 316.514
-9.00926 -3.64532 31.873 397.733 103.912
-12.0053 -1.76237 21.0392 179.159 121.828
-10.6053 -1.72962 16.5304 132.578 107.495
-11.2075 -0.0747417 16.7082 96.7459 182.742
3.88048 -0.211077 14.853 809.799 175.576
4.01582 -0.0839601 18.7689 773.967 179.159
3.54535 0.0422541 38.7282 677.221 186.325
3.13304 -4.08573 55.1915 634.223 136.161
-0.419291 1.21142 18.6138 587.642 236.49
-0.516744 1.19723 18.3959 573.309 243.656
0.666096 0.493507 61.3316 601.974 189.909
-10.8441 0.337806 22.5174 257.989 197.075
-6.15249 0.181865 46.9543 519.561 197.075
-7.97858 0.827586 14.5869 189.909 229.324
-10.0803 0.687253 17.1634 161.243 222.157
-12.7115 -0.212684 47.5446 412.066 182.742
-11.0336 -2.81428 43.7743 426.399 136.161
-11.1363 -0.55436 18.7835 161.243 164.826
-12.3948 -1.81954 21.7217 179.159 132.578
-11.708 -0.792855 18.8627 136.161 154.077
-5.66212 1.28621 14.2719 297.404 250.823
-6.31587 0.56312 15.6996 304.57 214.991
0.357021 -5.57418 142.014 609.141 154.077
-4.45672 1.46851 19.9993 440.731 240.073
-5.25744 0.863802 21.5725 422.815 214.991
-7.81788 -2.91571 49.6492 494.479 136.161
-9.99627 -1.65196 15.5811 118.245 107.495
-9.28446 1.41578 14.3781 107.495 261.572
-5.47117 1.21727 13.9372 293.821 257.989
-4.637 1.64645 10.7808 261.572 300.987
-5.66765 1.42263 17.3969 343.985 257.989
-0.86768 1.46018 12.6794 555.393 275.905
-1.86792 1.4757 13.8155 501.645 268.739
1.38924 1.45517 11.9162 702.304 279.488
2.86148 0.190703 15.606 748.885 193.492
2.33974 1.45887 11.3028 784.717 283.071
