-1.79044 1.50631 16.4602 525 253
1.09445 -3.59913 16.4567 660 24
3.65091 0.295816 13.4722 818 200
6.5253 0.428867 16.4123 912 202
-11.1855 -0.573049 16.3366 84 158
-0.377285 1.42646 14.9077 588 256.8
-0.377113 1.49368 10.7606 580.8 291.6
-0.83788 1.45315 11.7656 553.2 280.8
-4.28025 1.29032 19.8262 447.6 232.8
-4.36034 1.73314 8.84957 212.4 343.2
-5.79844 1.2404 13.3515 272.4 256.8
-10.7985 -4.36928 38.2029 399.6 98.4
-5.29158 -6.36221 48.0332 526.8 85.2
-4.49094 0.529918 20.2794 441.6 202.8
-12.9778 -12.8647 83.1528 494.4 70.8
-14.0296 -13.6821 83.9088 486 64.8
6.36353 -1.71118 12.7847 993.6 76.8
6.39173 -2.37692 11.848 1029.6 24
3.44253 0.937513 13.5371 805.2 235.2
2.55715 1.46393 10.762 796.8 290.4
2.68711 1.47221 8.90951 850.8 316.8
3.60162 -7.94705 70.3409 645.6 100.8
6.52689 -4.08786 71.2976 675.6 140.4
5.00345 -2.00639 38.7552 703.2 144
-4.36082 1.65527 14.9139 384 268.8
0.579693 -6.01093 71.7586 613.2 121.2
-16.3841 -14.9943 83.4165 460.8 52.8
-13.6089 -3.62326 40.5602 360 117.6
-9.12822 1.10823 13.5522 87.6 248.4
-11.3524 1.32043 15.3631 43.2 250.8
-11.4122 0.0831389 21.465 208.8 187.2
-11.8062 -1.2001 15.6242 32.4 126
-11.5663 -1.47952 16.8244 83.52 118.08
-14.8635 -14.5788 103.542 508.32 82.08
-10.1062 -4.18426 52.5709 463.68 123.84
-4.87803 1.37973 24.3188 459.36 224.64
-4.47156 0.530967 20.3196 442.08 203.04
-13.0529 -9.18922 64.6254 460.8 79.2
-11.2424 -2.08742 57.2387 465.12 156.96
-10.9753 -0.569381 36.4938 387.36 171.36
-11.9418 -1.5716 36.1918 365.76 152.64
-5.23602 0.163451 42.2001 516.96 187.2
-5.82419 -0.503561 112.569 570.24 180
-6.11857 -4.09866 161.748 580.32 164.16
6.31357 -2.1809 12.8278 990.72 50.4
3.44461 0.919237 13.5453 806.4 234.72
2.53267 1.43313 10.5356 797.76 290.88
2.78974 1.18742 14.0429 761.76 247.68
1.35575 1.46347 11.0992 705.6 286.56
6.18554 -3.55209 16.6656 884.16 27.36
4.77722 -1.89525 36.6084 704.16 144
-1.40846 1.45902 14.0246 531.36 264.96
-0.393372 1.26897 19.924 593.28 231.84
-1.05098 1.52462 9.30502 518.4 315.36
-1.56438 1.54073 12.067 508.32 283.68
-4.77489 1.4702 22.1174 446.4 233.28
-4.33662 1.66951 12.0273 326.88 293.76
-13.8034 -10.0311 52.1717 414.72 43.2
-10.6762 -4.08348 41.219 417.6 109.44
-5.42652 0.879903 14.1238 312.48 231.84
-4.64343 1.67969 8.57662 172.8 344.16
-9.0803 1.10241 13.4811 92.16 246.24
-11.8357 -1.76916 16.9084 74.88 105.12
-11.2968 -0.518801 18.4482 144 164.16
6.35629 0.419226 16.0433 911.52 201.6
1.79849 -3.2166 17.7573 686.016 44.928
-11.2575 -6.85326 54.6081 457.92 96.768
-12.088 -8.4851 60.2631 461.376 79.488
-7.87693 -3.45538 50.47 494.208 133.056
-11.4624 -4.77349 57.9483 456.192 120.96
-11.4498 -1.90944 48.647 437.184 153.792
1.94973 -6.68912 159.14 616.896 152.064
-11.0047 -0.568275 36.4229 387.072 171.072
-12.0979 -1.53467 36.5109 364.608 152.064
-6.11248 -4.09458 161.587 580.608 164.16
-8.67159 -4.43309 112.943 554.688 152.064
-5.59528 0.143992 37.1762 495.936 186.624
2.5807 1.48161 10.6736 798.336 292.032
1.09339 1.15928 23.9578 641.088 219.456
1.37792 1.48741 11.2807 705.024 286.848
5.0249 -2.03693 39.3452 703.296 145.152
-5.00486 0.26846 40.337 516.672 188.352
-1.39839 1.36395 17.5763 547.776 241.92
-1.91105 1.47179 12.9365 494.208 273.024
-0.334506 1.48029 11.3464 585.792 286.848
-0.41173 1.48057 10.8843 578.88 292.032
-2.5543 1.74803 12.2254 444.096 295.488
-3.42223 -5.2838 44.5726 551.232 96.768
-13.5461 -3.66271 40.3732 362.88 117.504
-6.99794 0.918761 13.2664 200.448 238.464
-10.7011 0.288284 21.1803 231.552 196.992
-11.1543 0.0814727 21.0348 209.088 188.352
-5.81815 1.21906 13.5269 276.48 254.016
-11.2049 0.763934 15.7875 65.664 222.912
-8.16123 1.52548 13.5744 143.424 271.296
-11.606 -1.73828 16.6132 74.304 105.408
-11.0293 -3.31282 18.43 155.52 48.384
-11.2984 -0.0493575 16.0134 70.848 181.44
-7.08849 -4.06122 72.5943 537.062 141.005
-4.88488 -4.23249 42.723 516.326 111.974
-0.106652 -0.376934 64.2744 607.565 178.33
-11.5734 -1.12323 17.4711 97.4592 132.71
-11.6731 -1.2014 17.5479 101.606 130.637
-5.25296 0.275589 41.4081 514.253 186.624
-8.51183 -1.84641 65.6572 514.253 163.814
-5.8673 -0.780809 107.615 570.24 178.33
3.64548 0.482508 13.4521 825.293 203.213
1.37891 1.45619 11.1617 705.024 286.157
3.04999 1.48359 9.54061 868.839 302.746
2.7512 0.189825 13.9465 761.011 192.845
-2.56324 1.75415 12.2682 445.824 294.451
2.43423 1.58805 9.07571 825.293 321.408
-9.90114 -4.00619 35.0283 396.058 97.4592
-11.5162 0.0841167 21.7174 209.434 186.624
-4.93167 1.38047 9.65477 201.139 298.598
1.04008 1.34131 16.6864 655.258 242.611
2.72531 0.580436 24.8595 690.509 199.066
-9.2435 1.08629 13.7517 89.1648 246.758
-10.4898 0.313198 20.8771 232.243 196.992
-1.93115 1.50141 13.1969 495.59 271.642
-0.349511 1.47699 11.3211 584.755 286.157
-0.411565 1.47997 10.8799 578.534 290.304
-11.3601 -2.73835 19.0715 157.594 74.6496
-10.8781 -3.29269 18.1773 155.52 47.6928
-11.5663 -0.616058 16.8928 85.0176 157.594
-0.454598 1.26347 19.0074 590.976 234.317
6.74537 -3.30217 73.6842 678.067 149.299
0.968194 -3.37265 18.9091 646.963 47.6928
-11.6115 -10.0737 65.1126 474.854 70.5024
-11.5199 -1.73428 19.1165 153.446 116.122
-10.0652 -1.65353 15.0053 93.312 101.606
-5.2529 0.832732 13.6719 311.04 230.17
-12.8103 -8.84201 63.4245 460.339 80.8704
-11.1375 -4.26776 47.0424 433.382 116.122
1.76325 -8.63102 162.354 617.933 145.152
-8.32896 -3.38033 47.4459 493.517 132.71
6.35077 -2.19996 12.9399 987.034 49.7664
-7.84412 -9.32995 96.8984 547.43 111.974
2.80286 0.174858 14.3093 761.426 191.601
6.71267 -2.42345 20.2064 858.471 92.0679
6.50029 -2.44653 15.5341 930.632 62.208
1.38284 1.44275 10.8277 706.683 286.157
-5.67233 1.52068 17.4112 343.388 263.762
2.72765 1.03999 6.62859 955.515 311.04
2.43886 1.59107 9.09296 826.122 323.482
2.53935 1.44325 10.5026 803.727 291.133
0.914681 1.31483 16.9434 656.917 243.855
0.343288 1.36124 19.2684 622.08 236.39
0.995567 1.09178 23.2306 641.987 218.972
-4.6008 1.54756 9.52587 223.949 313.528
-4.61483 1.54782 9.52748 216.484 323.482
-11.8013 0.117157 22.2549 209.019 186.624
-11.1734 -2.78463 18.8461 159.253 72.1613
-8.75648 1.05153 13.0813 89.5795 246.344
-11.6801 0.422893 17.0937 87.0912 204.042
-11.5636 0.738716 16.1977 62.208 221.461
-1.92984 1.48205 13.188 495.176 271.227
-11.3075 -0.579296 16.5147 87.0912 156.764
-11.3668 -0.0719258 16.0787 69.673 181.647
-0.35347 1.47504 10.9557 584.755 286.157
-11.2604 -1.70307 18.7726 154.276 116.951
-11.1343 -3.108 24.7652 271.227 89.5795
-10.4708 -1.70602 15.4816 89.5795 111.974
-11.6503 -3.12775 35.0132 360.806 116.951
6.95057 -2.53699 23.9286 828.611 104.509
6.37003 -3.16762 66.5502 676.823 149.299
-4.64701 1.2876 22.6949 455.363 226.437
-4.5884 1.49575 18.9353 425.503 243.855
-4.86183 0.563071 21.5482 440.433 201.554
-5.47208 0.841571 14.14 311.04 231.414
-5.68813 0.612458 13.8518 288.645 216.484
-7.758 -3.94124 72.2462 527.524 144.323
-2.23053 1.50679 10.7474 447.898 293.622
6.20535 -2.14416 12.7157 990.352 49.7664
6.71796 -0.794204 9.32634 1189.42 111.974
4.05512 0.0528077 13.634 839.062 185.131
-12.0792 -1.82594 17.222 86.5936 110.481
-11.7616 -1.76158 16.8359 77.6356 107.495
-12.3516 -12.4843 93.2741 498.659 83.6076
-13.2713 -12.9426 79.3737 483.729 68.6776
-4.5917 1.5357 9.53449 223.949 313.528
-11.3414 -4.09479 24.6911 262.767 59.7197
-10.7803 -4.38177 37.4023 394.15 98.5375
-12.8958 -3.55508 38.5949 361.304 116.453
2.69229 0.55328 25.1977 689.762 200.061
1.04998 1.15485 25.3222 639.001 217.977
-11.5113 -0.614378 16.8467 86.5936 158.257
-10.9821 -0.0911016 15.5345 68.6776 182.145
-11.3934 0.435711 16.6742 86.5936 203.047
-10.9237 0.737537 15.242 62.7057 220.963
2.82233 -0.00836142 27.8661 680.805 182.145
8.72977 -8.24748 217.843 633.029 158.257
7.35692 -3.98813 79.1616 677.818 146.313
-11.7827 -0.43603 19.3296 146.313 167.215
-16.8277 -11.9192 67.8852 426.996 56.7337
1.00042 -6.28815 149.6 615.113 152.285
-8.5302 -0.398078 46.0384 471.786 176.173
-5.41701 1.06496 20.2612 409.08 223.949
-8.67289 -1.44709 68.3668 516.575 167.215
-2.17135 1.48674 10.6044 447.898 295.612
7.09476 -2.5614 21.3566 859.964 92.5655
2.71887 1.0437 6.65224 955.515 310.542
6.21917 -2.29938 14.8623 934.613 59.7197
-11.8887 -1.77054 19.8201 157.66 118.245
-10.4687 -4.09479 35.803 394.15 96.7459
-2.99318 -4.56713 38.9845 548.227 100.329
-12.0233 -11.0335 71.3165 483.73 68.0805
-9.97379 -1.64894 14.7771 85.9964 100.329
-4.69154 1.57363 9.77002 204.241 297.404
-6.0737 1.38767 13.8963 265.155 257.989
-1.52772 1.58724 11.9121 508.812 286.655
-1.79474 1.43979 12.5024 494.479 272.322
-11.0969 -0.0700802 15.6661 68.0805 182.742
-11.4231 0.960865 18.2807 136.161 225.74
-10.7887 0.889427 17.3816 154.077 218.574
3.4703 0.0389897 35.7362 677.221 182.742
9.84939 -5.86943 107.592 677.221 143.327
-10.4343 -3.37387 26.3006 311.737 89.5795
-11.9573 -3.43299 26.7615 272.322 89.5795
-0.481187 1.21017 17.1301 587.642 236.49
-0.0929703 0.450841 56.0292 616.307 189.909
-5.97282 0.567043 14.1613 286.655 214.991
-4.38904 1.43816 18.871 437.148 236.49
-11.3667 -0.190183 42.5146 412.066 179.159
-10.0345 -2.67019 39.8103 415.649 132.578
-10.0136 -0.801113 62.4895 490.896 171.993
1.39175 1.40625 10.6652 709.47 286.655
2.60712 1.4695 10.4814 802.633 290.238
2.84833 0.177694 14.5414 759.635 189.909
