-1.73111 1.42765 15.1403 520 254
-0.372189 1.44787 9.83902 578.4 301.2
-3.04719 -7.57779 108.479 586.8 129.6
0.601271 -6.64883 74.4297 614.4 116.4
6.34068 -4.22814 67.2206 676.8 135.6
-5.20855 -6.42888 46.1149 525.6 79.2
3.31402 -0.362611 41.9366 666 175.2
-13.4307 -13.6707 85.2946 493.2 66
-4.56144 0.460673 19.7302 433.2 200.4
-4.75539 -0.685293 94.4508 571.2 177.6
6.45648 0.355528 15.2269 932.4 199.2
3.43175 0.863706 12.4714 820.8 237.6
2.57068 1.42668 9.78748 816 297.6
-14.0479 -14.0506 83.3253 484.8 60
-13.8581 -3.8243 40.3004 354 112.8
-11.3266 0.0506271 20.3966 188.4 184.8
-11.2951 -0.587557 15.5193 49.2 153.6
-10.7869 -2.76661 43.0328 423.36 133.92
-8.72518 -3.60523 35.3973 427.68 109.44
-10.7113 -4.29233 40.4846 413.28 105.12
-10.0608 -2.06715 50.8626 462.24 152.64
-10.669 -0.688795 34.8308 381.6 168.48
-5.1721 0.101199 40.7707 515.52 184.32
-7.06006 -5.50822 186.636 581.76 159.84
6.39914 -1.81149 11.9232 1029.6 64.8
6.26752 -2.21382 11.7695 1025.28 34.56
3.43628 0.843212 12.4251 822.24 236.16
2.78587 1.11908 13.0204 774.72 249.12
1.13706 1.13631 23.4831 645.12 218.88
5.30533 -2.28232 39.8067 707.04 139.68
-1.38936 1.43661 13.1082 525.6 267.84
-0.3781 1.39445 14.1615 587.52 259.2
-0.817231 1.42935 10.8404 548.64 288
0.601526 -6.75523 74.4612 613.44 116.64
-10.2811 -4.30695 35.4991 394.56 93.6
-16.3886 -11.4127 68.8175 434.88 61.92
-13.4247 -9.88239 49.9524 411.84 37.44
-5.6832 1.23705 12.563 256.32 259.2
-4.30145 1.64879 10.9965 300.96 302.4
-11.5905 -1.74372 15.6265 40.32 97.92
-11.8898 -1.52459 16.3051 50.4 110.88
-11.4322 -0.523631 17.7423 116.64 159.84
-11.0802 -2.09737 46.8004 432 150.336
-11.0799 -6.58154 53.0308 456.192 91.584
-7.72237 -3.56232 49.0426 492.48 127.872
-4.88028 1.27724 23.6734 454.464 224.64
-4.8608 0.14841 38.3168 514.944 184.896
-5.7181 -0.0110923 36.9673 494.208 183.168
6.53553 0.339553 15.4641 931.392 200.448
2.55412 1.41002 9.67321 817.344 298.944
2.67475 1.44071 7.91887 884.736 331.776
1.12694 1.12618 23.9627 642.816 217.728
1.37393 1.41575 10.098 715.392 293.76
0.96778 -3.47178 17.9269 649.728 38.016
4.94095 -2.10361 36.6897 705.024 139.968
-1.45566 1.34905 17.3843 544.32 243.648
-0.375798 1.21228 19.0339 592.704 231.552
-1.94866 1.51124 12.3754 485.568 278.208
-0.312618 1.41969 10.1261 584.064 293.76
-0.401246 1.46772 9.88046 575.424 298.944
-5.65917 0.809388 15.8174 336.96 221.184
-4.23992 1.57263 13.6559 368.064 273.024
-2.00743 1.49725 9.80381 449.28 304.128
-5.32451 -6.37065 62.5492 546.048 107.136
-10.2356 0.293424 19.559 212.544 193.536
-11.1632 0.757352 14.8005 32.832 222.912
-11.5941 0.0810699 20.9308 190.08 184.896
-11.838 -1.78096 15.9601 39.744 96.768
-11.0379 -1.80781 15.4312 62.208 93.312
-10.7969 -4.5022 48.15 437.53 111.974
-11.4179 -1.24547 16.2148 72.576 128.563
-6.26937 -0.0667438 39.4664 491.443 182.477
6.53265 0.362098 15.5083 931.047 201.139
-3.6075 -5.72752 46.1496 549.504 91.2384
-2.30368 1.54975 10.1476 429.235 302.746
2.59359 1.45149 9.77121 819.072 298.598
2.57721 0.429008 22.3729 694.656 194.918
6.27265 -2.4092 14.0556 951.783 49.7664
2.69593 1.44616 7.94884 883.354 329.702
-11.0227 -4.60419 37.5188 393.984 93.312
1.08637 1.29037 16.3353 657.331 242.611
2.76845 0.122114 12.939 773.453 188.698
-8.16627 1.49478 12.6737 107.827 273.715
-11.5557 -1.76101 18.2894 126.49 109.901
-11.3897 -2.81373 18.1869 136.858 64.2816
-5.47648 1.54836 13.9507 311.04 265.421
-0.328106 1.42578 10.1696 578.534 306.893
-0.407264 1.46183 10.0286 576.461 298.598
0.969852 -3.47922 17.9653 649.037 39.3984
-11.81 -3.20099 21.8698 201.139 72.576
-5.76692 0.486199 39.7877 493.517 192.845
-5.84653 1.21425 12.6899 250.906 257.126
-9.82402 0.282375 18.8225 211.507 192.845
-11.6478 -0.629364 16.0344 49.7664 153.446
-1.89192 1.44659 12.1222 487.296 275.789
5.98183 -3.05952 60.7293 678.067 145.152
-10.6907 -0.690193 34.9015 379.469 167.962
-12.0395 -3.34954 35.2974 356.659 111.974
1.98474 -8.13869 145.479 617.933 141.005
-6.98319 -4.36058 94.3719 553.651 149.299
-13.0559 -9.33256 63.762 458.266 74.6496
-13.2901 -9.30937 56.1344 435.456 62.208
-9.35875 -0.89566 57.4062 487.711 171.694
-8.12682 -1.93731 62.6874 507.617 156.764
6.57628 0.235768 15.7157 930.632 201.554
6.73668 -2.58106 22.0316 838.564 94.5562
-3.59973 -5.46114 47.7497 547.43 106.998
1.39446 1.43691 10.2489 716.636 293.622
6.21035 -2.3705 13.8298 953.027 49.7664
-11.6256 -1.77556 18.4405 126.904 109.486
-13.4908 -3.85552 40.0424 355.83 111.974
1.07234 1.26958 15.794 659.405 243.855
0.993461 0.963402 21.1244 641.987 216.484
-13.4377 -12.5869 87.6624 497.664 77.1379
-0.332109 1.44318 10.2936 577.29 298.598
-8.76789 1.02848 12.1631 47.2781 248.832
-11.8268 0.427067 16.3434 54.743 201.554
-11.3252 -3.24118 24.2158 258.785 84.6029
-5.79292 0.0404963 37.1171 502.641 191.601
-11.5372 -0.647967 15.9433 49.7664 154.276
-4.54054 1.58632 15.455 388.178 261.274
7.80179 -4.10636 81.5083 679.311 144.323
-12.5137 -4.97235 51.6415 430.479 111.974
-4.64195 1.24394 21.9254 450.386 223.949
-4.35065 0.410735 18.7059 432.968 201.554
-11.7029 -1.67627 16.9204 82.1146 111.974
-10.4448 -4.36711 49.6605 447.898 114.463
1.96376 -7.40617 160.285 617.103 149.299
-7.1284 -4.23758 94.5567 554.895 149.299
-7.74704 -3.98165 69.4452 525.036 139.346
-2.25616 1.51323 9.99953 430.479 303.575
-10.8486 -2.74041 17.4001 134.369 62.7057
-11.7025 -4.27888 24.3702 250.823 56.7337
-16.3745 -15.4545 94.7791 492.687 80.6216
-11.89 0.405713 16.3993 56.7337 203.047
-11.7778 -4.81822 39.7131 391.164 92.5655
-14.3185 -4.00928 41.6393 355.332 113.467
4.6353 -8.82548 72.7421 653.931 95.5515
4.28812 -0.218564 17.0488 803.23 173.187
0.367638 1.26089 17.848 627.057 238.879
-11.6566 -0.778737 16.8535 86.5936 140.341
-5.50878 1.24832 12.3291 259.781 262.767
-5.49552 0.467807 38.2826 501.645 191.103
3.88777 -0.171712 38.3856 683.79 179.159
-5.69014 1.08479 20.6384 397.136 223.949
5.25835 -3.12005 19.8105 806.216 65.6917
-11.7671 -1.73592 15.9543 59.7197 86.5936
-5.6174 1.15318 12.2295 250.823 256.795
-10.3729 0.297359 19.8213 212.005 194.089
-5.59955 0.501814 12.5323 262.767 217.977
-9.68361 -0.655256 51.1122 465.814 176.173
-12.0754 -0.195924 43.798 406.094 179.159
-7.53171 -3.92385 70.1389 534.491 137.355
-2.19737 1.47848 9.86058 432.968 304.57
6.48478 -2.38518 21.1117 839.062 95.5515
1.39098 1.43332 10.2233 719.622 295.612
2.71187 0.490092 23.8297 692.748 194.089
2.55679 1.3813 9.3866 824.132 298.598
2.76227 0.103882 12.9101 773.37 188.117
3.37675 1.35141 8.3185 946.557 316.514
-11.6044 -1.73259 18.5296 128.995 111.079
-11.5159 -0.601337 15.8833 71.6636 136.161
4.73729 -0.273715 19.2607 802.633 171.993
-5.33556 1.22568 11.9414 257.989 261.572
-0.466128 1.1723 16.594 587.642 236.49
-0.821967 1.47423 10.5151 548.227 283.071
-1.91208 1.46201 12.2513 487.313 283.071
-10.4939 -3.40884 25.4685 318.903 85.9964
-11.4314 0.0225158 20.637 197.075 182.742
-5.78759 1.19839 12.5242 265.155 247.24
-5.46571 0.48982 12.2327 261.572 214.991
-10.4734 -0.333515 38.5715 404.9 179.159
-5.48444 0.162118 41.8559 515.978 193.492
-9.62285 -2.59942 37.9677 419.232 128.995
0.632906 0.271949 51.6588 605.558 179.159
1.59662 -6.79282 147.01 609.141 146.91
-9.62109 -1.16706 59.0154 487.313 168.41
-7.90505 -4.32316 73.6156 530.311 139.744
-11.7097 -3.36123 25.1128 257.989 82.4132
-13.463 -3.78505 39.3105 354.735 111.079
-6.09289 -7.51233 72.7647 548.227 107.495
-2.27126 1.55655 10.1921 429.982 304.57
6.72028 -3.77526 69.2036 677.221 139.744
1.39802 1.426 10.1711 720.219 293.821
4.26677 -0.196551 43.9381 691.554 193.492
2.56385 1.37906 9.46085 820.549 297.404
