-4.59988 1.58683 7.61563 112 356
-6.40986 0.0636954 16.445 312 190
-1.70503 1.34506 14.0571 514 258
-5.22947 0.809397 11.9268 265 237
0.218057 1.36266 13.2759 620 264
-11.5008 -0.70977 18.0829 125 153
2.92248 1.38707 8.05516 904 327
-1.12681 1.29116 17.9235 560 239
-1.90684 1.43231 11.2179 474 285
-11.9164 -1.63543 16.2795 48 107
6.40387 -2.17915 10.8622 1073 27
3.65434 0.204182 11.481 858 199
2.51409 1.47904 7.8302 871 340
0.252888 1.34607 10.2088 628 289
1.62897 1.41119 8.68645 759 316
6.66013 -1.24417 17.8108 893 132
0.991637 -3.58673 17.0508 651 28
-5.43065 1.46474 16.253 353 253
-5.45115 0.565688 11.6906 244 222
-4.38225 1.6373 8.07346 167 350
-4.25187 1.53119 10.6057 293 298
-11.7776 -1.11428 16.2755 54 131
-11.3608 -1.77214 16.9368 97 103
-0.748161 1.24995 16.7062 573.6 241.2
-1.09094 1.22592 17.353 560.4 237.6
-4.24387 1.66384 8.3767 200.4 344.4
-5.27608 0.742585 11.9196 264 236.4
-5.39783 1.04326 11.5762 242.4 254.4
-5.78541 1.21204 11.8085 225.6 265.2
-5.96821 1.00471 12.2863 228 247.2
-11.6305 -2.9118 17.8574 114 58.8
-0.801144 1.4288 9.89653 543.6 298.8
-11.1388 -0.194628 17.0296 109.2 175.2
-11.4083 -0.700999 17.8595 130.8 152.4
6.47443 -4.72506 67.641 678 133.2
6.41115 -6.35977 62.4424 684 110.4
-11.6407 -7.28146 45.4306 420 67.2
1.65789 1.46536 7.27552 795.6 351.6
4.451 -1.53918 17.5028 801.6 118.8
3.21958 -0.55929 39.356 667.2 174
-2.24668 1.48929 9.01284 408 316.8
4.45941 -2.28705 17.8284 799.2 90
-6.47636 0.0410956 16.5565 308.4 184.8
-11.9742 -2.94087 16.2351 44.4 44.4
-7.16499 -5.01289 96.8287 554.4 146.4
6.75333 0.418216 10.4445 1120.8 217.2
6.51716 0.276578 14.4236 956.4 200.4
3.04195 1.36032 7.89982 928.8 332.4
4.37646 1.15825 9.07146 994.8 286.8
6.81353 -0.944235 10.2509 1137.6 111.6
6.36747 -2.41302 12.8285 994.8 39.6
6.27711 -1.70913 10.852 1063.2 62.4
6.56764 -0.548525 13.4965 984 154.8
3.40117 0.827638 11.4891 843.6 240
2.40329 1.42569 9.00706 825.6 314.4
2.56645 1.38623 8.83545 842.4 312
2.9094 1.37498 8.04998 903.6 326.4
1.07745 1.31522 13.1707 670.8 261.6
0.234752 1.33411 13.1764 621.6 262.8
0.165481 1.45289 7.52549 626.4 343.2
0.77097 1.39842 10.4951 670.8 291.6
1.35835 1.41724 8.50522 736.8 319.2
-0.370251 1.35289 13.1808 586.8 264
-1.1111 1.47564 8.85572 506.4 318
-4.61445 1.17246 18.4087 417.6 232.8
-4.17027 1.55699 11.9343 334.8 285.6
-1.86012 1.54729 9.6065 452.4 313.2
-13.7146 -13.9398 80.0278 484.8 56.4
0.679485 -6.90903 71.7553 614.4 114
-16.328 -15.1186 79.2042 463.2 44.4
-5.48701 1.00848 13.7342 300 240
-5.50341 0.553042 11.7675 246 220.8
-4.16205 1.6087 8.97954 238.8 326.4
-7.54762 0.952161 12.2699 127.2 243.6
-4.95337 1.35277 7.16173 36 340.8
-7.81163 1.59247 11.1375 60 295.2
-8.64747 1.33262 11.5718 22.8 273.6
-4.34425 1.62727 8.02402 166.8 349.2
-4.5698 1.6596 7.91205 130.8 346.8
-11.4609 -1.79146 17.1215 97.2 103.2
-11.5091 -0.61426 16.8435 86.4 156
-11.249 -0.0326231 19.2904 168 183.6
6.38262 -1.20536 12.3402 1012.8 110.4
6.33359 -2.14535 10.7684 1072.8 27.6
6.80672 -4.96757 71.1125 678.24 135.36
-4.06256 1.45396 15.1951 408.96 250.56
-4.52897 1.41617 17.0282 406.08 247.68
-4.6262 0.39264 19.0913 424.8 200.16
-1.77255 1.47406 10.5139 475.2 296.64
-0.822501 1.40666 9.21069 537.12 306.72
-1.93672 1.43295 8.7455 430.56 316.8
-2.26929 1.57334 8.71449 398.88 328.32
-10.7074 -0.814949 34.0289 375.84 165.6
-11.796 -1.13652 16.2697 54.72 131.04
-11.4851 -0.778634 15.4553 38.88 145.44
-11.8317 -1.3884 16.0419 44.64 118.08
-11.6965 -2.8781 15.8886 44.64 46.08
-11.9056 -2.65957 16.1725 40.32 63.36
-4.879 -1.10752 96.9059 570.24 174.24
-6.92879 -6.93485 190.159 581.76 158.4
2.92351 0.853588 4.87825 1141.92 338.4
6.60283 0.280214 14.6132 956.16 200.16
3.14374 1.38525 7.61401 946.08 334.08
4.5031 1.18219 9.36093 995.04 286.56
6.41646 -1.81046 12.6091 1003.68 73.44
3.50239 0.828029 11.7208 843.84 240.48
2.79732 1.06965 12.0551 790.56 253.44
3.72362 0.343995 11.3514 866.88 208.8
2.54953 1.37709 8.7772 842.4 312.48
2.55506 1.36785 8.79626 840.96 311.04
1.11334 0.965426 21.1687 648 218.88
0.775951 1.39276 10.5629 666.72 289.44
6.70876 -2.60653 17.8084 892.8 74.88
0.996074 -3.50748 17.1271 652.32 28.8
5.05764 -2.34194 36.4274 709.92 136.8
-1.44273 1.29642 16.412 541.44 244.8
-5.35577 0.35211 37.3091 501.12 191.52
-0.3965 1.16877 18.7606 593.28 231.84
-0.36033 1.42914 8.87292 574.56 316.8
-0.308646 1.40776 9.56642 583.2 303.84
-4.27253 1.49475 13.6387 361.44 273.6
-4.18954 1.52005 12.591 349.92 277.92
-1.84586 1.51369 9.39785 452.16 313.92
-12.5606 -13.1131 79.0701 483.84 57.6
0.598819 -7.13731 74.1262 614.88 113.76
-10.6418 -4.60306 35.8826 390.24 89.28
-10.9888 -4.53915 40.6778 408.96 102.24
-5.73529 1.20496 11.7396 226.08 264.96
-10.3036 0.251911 18.508 190.08 192.96
-5.57512 1.00177 13.9063 298.08 239.04
-5.64848 0.777623 15.1967 321.12 223.2
-5.96011 1.40864 11.6682 208.8 277.92
-8.25574 0.938351 11.4748 44.64 249.12
-11.8396 0.960839 16.1439 48.96 228.96
-7.18406 0.890049 11.6788 126.72 243.36
-7.57943 1.54514 10.8064 59.04 295.2
-4.53079 1.61507 7.75117 135.36 345.6
-4.44761 1.35162 7.66359 132.48 329.76
-10.8302 -3.00197 20.317 205.92 72
-11.8843 -1.87844 17.7172 97.92 103.68
-11.6318 -0.620807 17.023 87.84 156.96
-11.275 -0.19659 17.2012 109.44 175.68
6.32141 -1.1768 12.2219 1012.32 110.88
6.66123 -0.937072 10.0218 1140.48 112.32
-0.81611 1.41712 9.9111 542.592 297.216
-1.43512 1.42807 12.4006 518.4 274.752
-7.7784 -0.0769174 17.1946 264.384 181.44
3.65379 -2.07256 16.3335 779.328 89.856
4.31402 -2.26047 17.2471 798.336 88.128
-4.91309 -6.27983 57.716 544.32 105.408
-5.00613 -5.81125 41.2727 509.76 76.032
-8.90878 -6.24639 91.2363 535.68 134.784
-4.81465 1.21894 22.5927 447.552 224.64
-11.4545 -5.15288 55.941 457.92 117.504
-10.0702 -4.39452 44.3586 445.824 112.32
-11.7788 -0.978542 16.2772 55.296 138.24
-11.9237 -0.904422 16.1665 43.2 141.696
-11.5442 -3.29244 15.8615 48.384 34.56
-11.8702 -2.89294 16.0941 44.928 46.656
-11.859 -2.28985 16.263 50.112 76.032
-5.62651 -0.110136 35.7324 490.752 181.44
-4.8698 -0.0642155 37.9714 513.216 183.168
-6.3457 -5.88433 167.752 580.608 158.976
3.18948 1.37014 7.83032 940.032 330.048
3.46362 1.36768 7.34886 997.056 340.416
4.40756 1.15377 9.13591 993.6 288.576
6.45012 -1.83829 10.9925 1069.63 51.84
7.76609 -1.80436 10.9721 1173.31 57.024
6.35105 -2.34458 14.5025 943.488 62.208
6.38966 -1.79798 12.5222 1003.97 72.576
6.39236 -2.42245 12.8786 993.6 39.744
2.84119 1.08642 12.2441 789.696 255.744
3.7112 0.342847 11.3136 865.728 209.088
2.54283 1.36693 8.71242 843.264 312.768
1.07713 1.22219 14.9458 661.824 248.832
0.346475 1.21171 16.8206 623.808 240.192
1.14094 1.04185 23.5632 646.272 219.456
1.3959 1.39561 9.30784 727.488 305.856
6.53506 -2.50931 17.4764 893.376 76.032
6.56744 -1.28049 17.6285 886.464 124.416
5.58308 -2.63811 41.0341 708.48 138.24
-1.06203 1.22043 17.2754 559.872 238.464
-0.407081 1.42617 9.08999 573.696 316.224
-5.28224 1.40272 15.8088 357.696 250.56
-4.56556 1.27755 19.6299 430.272 235.008
-4.55832 0.386879 18.8112 425.088 200.448
-1.47409 1.50389 8.26614 464.832 333.504
-2.24613 1.47639 9.01066 407.808 317.952
-14.2471 -4.11983 40.4498 350.784 110.592
-11.9291 -2.39789 48.948 430.272 148.608
-5.99263 1.22382 11.7639 209.088 267.84
-5.50887 0.550317 11.7095 241.92 221.184
-10.1741 0.174218 18.4599 191.808 191.808
-5.62505 1.00725 13.9824 297.216 240.192
-4.16218 1.59148 8.95293 236.736 328.32
-4.26677 1.62208 9.98459 269.568 314.496
-5.2169 1.43014 8.23871 91.584 324.864
-4.95758 1.35121 7.15343 36.288 340.416
-7.87868 1.60296 11.2108 58.752 295.488
-4.44882 1.34554 7.62909 131.328 330.048
-11.6782 -3.27237 21.7377 203.904 70.848
-11.6927 -0.601477 17.1471 88.128 157.248
-11.1764 -0.0325679 19.2578 169.344 183.168
-11.1562 0.0444139 17.8934 134.784 184.896
2.40342 1.43083 8.96084 824.256 314.496
6.24882 -1.14957 12.1141 1010.88 112.32
6.6684 -0.954032 10.0536 1137.02 112.32
6.38865 0.289901 14.0958 955.584 202.176
6.59207 0.338045 10.2171 1119.74 212.544
-5.09241 -4.73928 42.4712 520.474 99.5328
-12.0149 -2.31553 16.4454 51.84 76.7232
-11.0344 -0.880827 34.7606 360.806 157.594
-11.8019 -1.00315 16.3091 55.9872 136.858
-11.6897 -0.866263 15.8793 45.6192 136.858
-11.6862 -1.38052 16.2115 58.0608 118.195
-11.7186 -1.21354 15.7991 39.3984 124.416
-4.81417 -0.0628007 37.1348 510.106 182.477
-6.24604 -0.172862 38.6427 489.37 180.403
-5.98042 -1.7114 109.69 568.167 172.109
6.34916 -1.82457 10.8204 1069.98 51.84
6.72194 0.401811 10.3959 1121.82 217.728
-1.44028 1.48095 8.14002 464.486 331.776
-2.26993 1.48767 9.15722 408.499 317.261
6.43082 -2.46929 17.1976 889.575 76.7232
3.42533 1.35656 7.28913 984.96 333.85
-4.43477 1.49803 13.4973 352.512 269.568
-4.75076 1.42553 8.14688 130.637 329.702
-5.08769 1.01205 8.68324 149.299 275.789
2.53751 1.35119 8.6121 846.029 313.114
-7.91101 1.60636 11.2346 58.0608 294.451
1.13551 1.41973 9.7398 713.318 302.746
-9.6757 -2.63025 16.1307 151.373 60.1344
-0.367658 1.34342 13.0885 590.976 269.568
-0.304982 1.4042 9.45285 582.682 302.746
-10.2163 -4.39837 34.287 389.837 89.1648
-11.9474 -3.52989 34.1906 350.438 109.901
1.06178 1.21051 15.3244 661.479 246.758
-0.376407 1.13432 17.8099 590.976 232.243
-11.3472 0.0198125 18.1593 134.784 184.55
-7.8005 -0.0272351 16.1044 238.464 182.477
-4.10672 1.58536 8.78109 236.39 327.629
-5.83347 1.39567 11.9746 230.17 269.568
-11.5587 -4.319 23.1324 234.317 45.6192
-5.61139 0.740432 14.8742 319.334 221.875
6.50808 -3.69634 66.072 680.141 143.078
-0.83319 1.40309 9.18727 534.989 306.893
-1.9342 1.46869 11.3788 474.854 284.083
-11.6334 -0.620893 17.0254 89.1648 157.594
-11.6748 -1.8249 17.441 99.5328 103.68
-11.9474 -2.88922 16.1988 43.5456 47.6928
-5.94348 1.21078 11.7962 219.802 261.274
-5.8458 1.19418 11.6345 213.581 263.347
-7.47608 -1.20489 16.276 259.2 128.563
-11.2466 -4.90428 47.503 429.235 107.827
2.23364 -10.0704 163.723 617.933 138.931
-7.0475 -4.70967 93.4836 553.651 147.226
-7.75972 -3.92158 48.4242 489.37 124.416
2.4057 1.42753 8.78703 825.293 313.114
6.51537 0.297477 14.4642 953.856 194.918
-8.04095 -0.892751 17.7205 263.762 146.811
-7.7621 -1.27064 16.8477 256.297 126.904
-4.5885 1.54971 13.79 353.341 271.227
-1.85188 1.5055 9.42847 452.874 313.528
-2.2652 1.48066 9.0367 410.573 316.017
6.28916 -2.35669 14.453 945.562 62.208
6.21384 -1.80042 10.5898 1069.98 49.7664
6.65679 0.412238 10.2952 1124.72 218.972
1.40267 1.38949 9.26702 729.078 306.063
6.78261 -2.68051 21.1246 851.006 89.5795
1.58511 -11.9953 116.187 617.103 109.486
-5.1313 1.41483 8.08575 92.0679 323.482
-8.04622 1.41212 11.5637 62.208 281.18
-10.3583 -2.84698 17.7629 154.276 57.2314
-11.4316 -2.94082 17.4402 111.974 54.743
1.03672 1.2199 14.6682 661.893 246.344
0.352814 1.21005 17.1284 624.568 238.879
1.14771 1.04509 24.4042 644.475 216.484
-5.80928 1.45755 15.9273 343.388 251.32
-0.310962 1.35747 11.6469 587.244 266.25
-13.0432 -3.83839 37.1787 350.853 109.486
-1.16771 1.28377 18.1719 559.872 236.39
-11.792 -0.0342796 20.2699 169.206 181.647
-11.1284 0.0193873 17.7695 134.369 184.136
-11.5196 -4.30442 23.0543 233.902 47.2781
-12.3788 -12.1567 80.7546 485.222 57.2314
-11.6534 -1.84577 17.4091 99.5328 104.509
-11.827 -1.75468 16.1267 49.7664 111.974
-5.63638 1.32389 11.6365 231.414 268.739
-5.93811 1.45123 11.884 218.972 281.18
-8.70856 -1.67535 18.1881 248.832 114.463
-1.26468 1.13609 17.0911 539.966 243.855
-11.7969 -0.583963 17.3352 89.5795 159.253
-11.0926 -1.38814 16.8515 106.998 121.928
-11.6601 -1.03593 16.1132 54.743 136.858
-5.74311 1.15418 11.5581 221.461 261.274
-10.6843 0.182954 19.3856 194.089 191.601
3.35606 -0.267625 12.6438 816.169 169.206
-5.35818 0.937692 13.2731 296.11 238.879
-5.76592 0.752498 15.1166 318.505 221.461
-1.3326 1.43887 10.0632 512.594 301.087
-1.34284 1.44993 10.1405 490.199 303.575
-1.20759 1.3996 10.9617 515.082 286.157
-1.91142 1.42784 11.4319 477.758 283.669
9.54381 -11.5957 230.167 639.498 149.299
-12.5125 -5.24074 50.762 427.991 106.998
2.33998 -8.64099 171.518 617.103 146.811
-6.9862 -3.92823 61.1012 525.036 136.858
2.41976 1.44321 8.88355 826.122 313.528
2.79184 0.0468816 12.104 788.798 189.112
6.29421 0.306817 13.9732 953.027 194.089
6.80923 -1.21356 9.56387 1176.48 83.6076
6.64547 -1.57012 9.3889 1173.49 56.7337
2.84681 0.294871 24.1306 698.72 194.089
6.27104 0.306635 13.9649 952.529 194.089
6.4866 0.387743 10.032 1122.73 209.019
6.39603 -2.37629 14.6986 943.571 62.7057
-1.7863 1.51862 9.42848 450.884 313.528
-2.26344 1.5004 9.08007 412.066 316.514
-0.238845 1.36858 10.6032 588.239 280.683
6.27987 -1.2339 11.7927 1024.19 104.509
6.20708 -1.13125 12.0985 1012.25 113.467
1.4238 1.39804 9.15423 731.566 307.556
6.62813 -2.57956 20.5544 851.006 89.5795
-10.173 -2.82174 17.1587 152.285 59.7197
-4.27622 1.61702 10.0394 268.739 313.528
-5.59778 1.38892 14.7295 304.57 271.725
-5.82919 1.53083 14.1474 289.641 268.739
-11.9196 -1.88794 17.8068 101.523 104.509
-11.7444 -1.3874 16.2923 56.7337 110.481
-11.1156 -2.85951 16.958 110.481 56.7337
-6.15638 1.02215 11.342 185.131 256.795
-11.3179 0.250939 20.5354 182.145 194.089
-5.43838 0.977605 18.5992 391.164 223.949
1.10296 1.23022 15.3043 662.889 247.837
0.470836 1.25473 17.0879 627.057 238.879
1.10644 1.04024 23.5267 644.973 217.977
-10.3719 -4.47205 34.4873 385.192 89.5795
-13.5091 -3.86834 38.5066 337.416 110.481
-10.8881 0.0189266 17.3473 134.369 185.131
-11.2749 -3.2681 23.2108 244.851 77.6356
-5.8189 1.45449 11.9107 229.921 268.739
-5.88077 0.320324 39.8089 498.659 191.103
3.42591 -0.196234 12.5774 815.174 167.215
6.67642 -3.83211 66.8371 680.805 140.341
-11.1582 -1.43441 16.8443 104.509 119.439
-11.8625 -1.02912 16.3613 56.7337 134.369
-1.90453 1.43853 11.3907 477.758 283.669
-5.51845 0.962423 13.6232 295.612 238.879
-5.695 0.506014 14.1075 295.612 212.005
-10.4685 0.206203 19.0422 191.103 194.089
-4.79023 1.11895 22.4781 435.954 229.921
-4.47538 0.403217 18.3635 424.01 200.061
-12.201 -7.61338 56.8818 450.884 86.5936
-12.2871 -0.379599 43.9013 400.122 176.173
-9.46402 -0.613376 47.8454 468.8 173.187
-8.16688 1.44962 11.7371 62.7057 280.683
2.58387 1.36301 8.68742 851.006 313.528
2.39839 1.41318 8.85026 824.132 313.528
-12.8242 -3.75903 36.4101 347.569 107.495
-11.2758 -4.83938 37.3201 383.4 89.5795
-4.2297 1.59942 9.93016 283.071 297.404
-5.67797 1.45084 15.1625 315.32 254.406
-5.36051 1.46364 12.7095 290.238 268.739
0.233484 1.09001 17.1141 627.057 240.073
3.70817 -0.304046 35.1634 684.388 175.576
6.50028 -4.3035 66.9382 680.805 139.744
-7.24331 0.626002 11.9098 132.578 225.74
-11.5713 0.257206 21.0482 182.742 193.492
-11.0865 -0.00528833 17.6244 132.578 182.742
-10.9608 0.0189689 17.386 125.411 197.075
4.15032 -0.352714 15.6361 813.382 168.41
2.87389 0.0482596 12.4597 773.967 171.993
-5.36533 0.892253 17.4368 383.4 225.74
-5.56072 0.705631 19.6727 397.733 211.408
-11.7502 -0.582841 17.3019 93.1627 161.243
-11.3827 -1.00279 17.0757 100.329 139.744
-10.9563 -0.599735 15.841 75.2468 154.077
7.19007 -1.76995 40.7597 738.135 154.077
-5.38256 0.920239 13.2877 290.238 236.49
-5.89299 0.521808 14.5478 297.404 211.408
-6.74782 1.74932 12.86 204.241 286.655
-5.55962 1.22602 11.478 229.324 268.739
-4.9456 1.27984 21.0126 422.815 232.907
-5.78172 1.14575 11.6358 222.157 250.823
-5.81618 0.535536 12.1121 236.49 218.574
-11.7402 -0.359133 41.5344 401.316 175.576
-9.51984 -2.89429 36.3637 404.9 125.411
-0.221136 -0.626828 72.4937 605.558 179.159
-10.0771 -1.44338 60.2697 487.313 168.41
-11.9795 -1.88034 17.9709 100.329 103.912
-7.95379 -2.22299 14.7669 200.658 68.0805
-6.29201 1.33836 11.6216 186.325 272.322
-1.95006 1.46485 11.8604 476.563 283.071
-4.17777 1.44443 13.7012 372.651 265.155
-0.315591 1.41057 11.8203 587.642 279.488
1.40216 1.33973 8.93519 730.969 304.57
2.53908 1.33374 8.57692 824.132 304.57
6.778 -1.23448 9.52001 1164.53 85.9964
6.6247 0.394301 10.2017 1121.54 207.825
6.52192 0.178582 14.6141 953.126 204.241
