-5.2745 0.798194 11.0803 235 246
-4.57568 1.28886 18.9919 427 239
-13.8457 -1.95832 36.8369 331 148
3.65809 0.201048 10.4847 885 205
-11.8577 -1.16211 15.4086 19 130
0.671429 -7.02437 70.9045 615.6 116.4
-1.76967 1.38213 13.6506 508.8 267.6
-10.3863 -2.129 38.0559 408 147.6
-5.43531 0.969325 12.7191 277.2 247.2
2.52266 -0.327007 73.101 633.6 186
-14.2248 -10.9415 51.3352 406.8 33.6
6.52831 -6.39304 61.1 685.2 112.8
-11.714 -7.39758 44.9839 417.6 67.2
3.44484 -0.646015 41.4055 670.8 176.4
-10.9186 -4.86791 45.3188 432 110.4
-5.11302 -6.77384 44.1808 524.4 76.8
-14.0772 -2.04316 37.4529 331.2 147.6
-4.87228 -1.37524 96.7725 572.4 177.6
-7.03006 -5.18282 95.0054 555.6 148.8
2.92439 1.39698 7.08277 949.2 351.6
6.19607 -1.15127 11.003 1051.2 108
2.56921 1.38725 7.86557 874.8 333.6
1.07469 1.29674 12.3003 678 272.4
0.217783 1.33971 12.224 624 273.6
6.10326 -1.13639 15.3508 910.8 132
-3.08292 1.19528 21.0677 499.2 232.8
-1.00862 0.866518 29.9698 586.8 208.8
-0.354704 1.31861 12.0315 585.6 274.8
-5.38013 1.43469 15.215 338.4 260.4
-12.9708 -13.6049 75.6874 484.8 58.8
-4.40707 -8.79225 92.6526 574.8 120
-4.15897 1.51907 10.9435 313.2 297.6
-11.686 -0.239628 16.8621 81.6 177.6
-11.6735 -0.654361 16.1006 55.2 157.2
-17.2335 -12.5141 70.7131 432 59.04
-13.902 -10.6234 50.1701 407.52 33.12
-4.37255 1.11749 23.7777 472.32 224.64
-5.50143 0.299662 37.2411 499.68 194.4
-11.1948 -2.40087 45.1616 426.24 149.76
-11.7557 -0.241056 16.9625 80.64 177.12
-5.65824 0.984254 13.1551 276.48 247.68
7.19478 -5.10246 73.0436 681.12 135.36
4.33253 -4.44388 56.8259 665.28 129.6
4.04578 -4.37121 53.0648 665.28 123.84
-5.7629 1.20303 10.8393 190.08 276.48
-10.6077 -0.92355 32.8408 371.52 168.48
-5.1087 -0.233605 39.8341 512.64 184.32
-5.02612 -1.51565 97.1439 571.68 177.12
-6.11413 -6.3529 167.801 581.76 161.28
6.44604 0.273218 13.2846 984.96 205.92
6.77343 -0.561129 12.922 1016.64 155.52
6.24991 -1.16127 11.0986 1051.2 108
3.44202 0.799673 10.493 868.32 250.56
3.72064 0.32755 10.3344 894.24 217.44
1.65361 1.42461 7.83039 780.48 338.4
2.56495 1.38583 7.91998 875.52 334.08
0.234281 1.30288 12.1976 623.52 273.6
1.35493 1.40728 7.56167 756 342.72
-0.789835 1.38771 8.84488 537.12 316.8
-4.41267 1.35509 15.7663 394.56 254.88
-4.52626 0.365285 17.7612 417.6 204.48
-2.29714 1.50823 8.29001 383.04 338.4
-4.26669 1.51676 11.8792 329.76 289.44
-1.94383 1.45627 10.4911 462.24 299.52
0.661093 -7.01336 69.813 616.32 116.64
-9.93918 -4.40302 32.8963 385.92 90.72
-11.1137 -4.64291 40.1076 406.08 102.24
-14.9836 -14.6743 74.699 463.68 46.08
-4.08192 1.46527 9.3392 260.64 312.48
-11.781 -1.89847 16.5993 67.68 100.8
-11.5782 -0.650268 15.9999 56.16 156.96
-11.5833 -0.0584369 18.9591 145.44 185.76
4.38879 1.14352 8.15628 1045.44 305.28
-4.56744 0.370631 18.0212 416.448 205.632
-4.53075 1.27296 18.3808 425.088 240.192
-5.34604 0.291198 36.1892 499.392 193.536
-5.73388 1.18507 10.813 191.808 276.48
-5.05822 -4.88551 41.7022 520.128 101.952
-4.15236 -6.51048 45.7865 544.32 88.128
-9.53698 -6.76582 94.964 537.408 136.512
-12.6567 -5.74852 60.5778 461.376 120.96
-11.5141 -0.337278 39.0067 392.256 183.168
-5.77723 -0.211429 36.0526 490.752 184.896
-4.74793 -0.111686 36.235 511.488 184.896
-11.9251 -2.83382 57.8466 459.648 153.792
-6.57984 -6.58538 173.941 582.336 162.432
6.03373 -2.2867 11.2424 1028.16 32.832
2.7933 1.03575 10.9842 808.704 264.384
2.55144 1.37181 7.77803 883.008 338.688
2.57178 1.38863 7.87344 876.096 335.232
0.350634 1.21522 15.9456 627.264 247.104
1.21538 0.976427 21.4099 649.728 224.64
0.777286 1.37177 9.50151 673.92 307.584
5.19973 -2.51366 36.7151 713.664 139.968
-1.40488 1.24764 15.2571 539.136 252.288
-0.362139 1.42688 7.84283 571.968 338.688
-5.47638 1.41804 15.7348 342.144 257.472
-4.88626 1.18301 21.9268 442.368 229.824
-2.32167 1.52832 8.33668 383.616 338.688
-1.72902 1.44901 9.40231 461.376 314.496
-4.22317 1.60819 8.97669 233.28 331.776
-11.1273 -0.0285876 16.9041 110.592 188.352
-5.99971 1.23227 10.8312 172.8 278.208
-10.6151 -3.02586 18.879 188.352 69.12
-11.6816 -0.634839 16.1739 57.024 158.976
-11.264 -0.0569558 18.4786 146.88 186.624
6.7717 -0.935803 9.18802 1206.14 108.864
6.67867 -0.935552 9.06179 1202.69 107.136
6.37298 -1.85219 9.92028 1119.74 44.928
4.40843 1.14567 8.17166 1045.44 305.856
6.70981 0.41588 9.40584 1180.22 226.368
-4.65616 0.399007 18.1718 414.72 205.286
-5.2512 -5.792 55.3556 537.062 111.974
-5.99295 1.18256 10.9288 178.33 275.789
-7.65087 -1.25721 15.7955 238.464 128.563
-9.20254 -1.83477 18.5203 232.243 120.269
-11.842 -0.516744 40.3078 391.91 182.477
-10.6324 -0.921737 32.7763 369.101 167.962
-11.1671 -1.94392 25.3081 279.936 132.71
-8.49949 -4.40215 51.6944 489.37 126.49
-6.25774 -0.276146 38.06 487.296 182.477
-5.24487 -0.173531 38.7921 510.106 184.55
-5.66625 -1.91064 103.928 570.24 176.256
6.47298 0.274359 13.3402 982.887 207.36
6.32553 -2.32099 13.5409 970.445 58.0608
3.70753 0.342042 10.3379 893.722 211.507
2.59232 1.38714 7.80339 875.059 333.85
1.02371 1.1945 13.6766 667.699 255.053
1.15981 1.0097 21.4841 649.037 223.949
5.98947 -7.33558 47.4144 700.877 76.7232
5.37965 -2.5197 38.3623 711.245 138.931
-5.65005 0.249846 37.5401 497.664 192.845
-0.379933 1.03386 15.8856 590.976 238.464
-0.827009 1.41805 9.11911 534.989 313.114
-0.28393 1.38233 8.43658 580.608 321.408
-4.54609 1.2446 18.3396 423.014 240.538
-1.94359 1.44523 10.4116 462.413 298.598
-13.8574 -14.3063 80.2099 483.149 58.0608
-6.76031 -4.76724 89.6741 553.651 149.299
-10.5875 -4.66875 34.8816 381.542 89.1648
-12.5677 -3.67541 35.1269 344.218 109.901
-10.8208 -2.27268 43.8989 427.162 149.299
-5.36274 0.788959 11.1678 232.243 244.685
-5.55728 0.543056 10.9092 207.36 226.022
-5.41311 1.47029 12.04 265.421 277.862
-11.7338 -1.8983 16.5979 68.4288 101.606
-10.894 -0.0279881 16.5497 109.901 186.624
6.54324 -1.85508 11.8837 1038.87 66.3552
6.63823 0.410644 9.2874 1179.88 226.022
1.3805 1.38024 8.28317 746.496 325.97
6.39917 0.308808 13.226 982.887 206.531
3.76383 0.258637 10.4543 895.795 211.507
6.73581 0.427294 9.36921 1181.95 226.437
3.51156 -0.272703 12.0892 846.029 176.671
-4.53446 1.48874 12.7732 335.923 281.18
2.01429 -15.6539 147.645 619.592 111.974
-1.9417 1.44009 10.4796 462.828 298.598
6.2339 -1.1331 11.1251 1050.07 109.486
-11.995 -1.91696 16.9674 69.673 102.021
-0.294112 1.36339 8.39225 579.779 325.97
-0.271853 1.35642 11.3665 587.244 276.204
-11.0898 -0.106691 18.1928 146.811 186.624
1.06344 1.20134 14.2074 669.358 256.297
0.371736 1.16746 15.8994 627.057 246.344
1.13367 0.978964 22.1409 649.452 223.949
-12.2944 -3.64327 34.3629 345.877 109.486
5.4064 -10.6546 81.2936 646.963 97.0445
-11.0391 -3.21953 21.7894 228.925 74.6496
-33.0751 -36.7881 242.139 517.571 82.1146
-1.44167 1.28272 15.4236 537.477 251.32
-0.342282 1.10416 17.3363 589.732 238.879
-5.38827 0.666737 13.3938 296.11 228.925
-10.9113 -0.0280326 16.576 109.486 186.624
-11.5881 -0.630973 16.0754 59.7197 159.253
-11.3901 -1.45936 16.3367 77.1379 119.439
-1.85776 1.39532 10.2576 475.269 296.11
-5.19734 0.766847 10.8548 231.414 243.855
-4.64996 1.25397 18.8645 425.503 238.879
-11.4088 -1.36497 33.5854 360.806 159.253
-12.5472 -2.13118 28.2577 278.692 131.881
1.87701 -7.50553 137.583 619.592 149.299
-7.80035 -2.14818 58.9049 512.594 161.741
-8.99907 -5.3885 78.7057 525.036 139.346
-8.48897 -4.43421 52.071 490.199 126.904
-4.43751 0.358122 17.413 415.052 203.047
6.60594 0.168293 13.7721 982.389 209.019
6.77491 -2.67364 19.9756 865.936 89.5795
-4.55293 1.53651 12.8757 334.43 280.683
-3.16889 -5.23943 39.1454 549.421 89.5795
6.26588 -1.22092 10.8066 1051.07 110.481
-11.6866 -1.87505 16.5964 71.6636 101.523
-11.3759 -2.96645 16.2515 83.6076 56.7337
2.55742 0.247394 20.2453 704.692 197.075
6.38074 -2.32738 13.5783 970.445 56.7337
2.77864 1.06655 10.9866 806.216 253.809
-5.64889 1.49212 12.8021 265.753 277.697
-11.1941 -11.7459 65.8547 486.715 65.6917
-10.7867 -4.67092 34.8979 382.206 89.5795
-12.118 -3.59101 33.8699 343.388 110.481
-11.3995 -0.083847 18.7437 146.313 185.131
-13.6806 -3.80838 36.3977 331.444 110.481
-7.39602 0.59057 11.2357 95.5515 226.935
-10.3161 -0.00470247 15.6719 107.495 188.117
-6.63315 0.35138 43.6684 498.659 194.089
-5.69777 1.12993 10.5784 185.131 271.725
-9.28923 -1.84174 18.5906 232.907 113.467
-11.3848 -3.39217 22.5335 229.921 74.6496
1.04945 1.18553 14.0205 668.861 256.795
1.13722 0.95113 22.2102 647.959 223.949
-5.15389 0.760437 10.764 232.907 244.851
-5.49267 0.931662 12.6881 268.739 244.851
-5.88509 0.504906 13.551 274.711 217.977
-11.6825 -0.591023 16.2063 59.7197 161.243
-11.0591 -1.45528 15.7989 77.6356 119.439
3.41435 -3.88759 77.1658 639.001 164.229
7.09767 -4.40789 70.0783 683.79 140.341
-4.79117 1.08928 20.7239 438.94 229.921
-11.5997 -5.09941 46.2755 426.996 110.481
-7.94784 -1.34011 16.2684 235.893 125.411
-13.1851 -0.586457 45.7456 394.15 179.159
-9.8224 -0.862024 50.7274 462.828 176.173
-0.141635 -0.738055 85.3573 606.155 182.145
6.72326 0.310617 9.38809 1182.45 226.935
-14.3978 -4.32808 39.778 343.985 111.079
-10.3612 -4.44665 33.2223 379.817 89.5795
-13.383 -5.08567 37.9966 351.152 89.5795
-13.4502 -17.7727 163.343 548.227 107.495
-4.98111 0.870555 16.5625 376.234 229.324
4.98037 -9.91832 76.4876 659.305 93.1627
1.02832 0.887988 20.0833 644.973 222.157
-11.6846 -0.0855525 19.1249 146.91 186.325
-7.34028 0.614547 11.1041 93.1627 229.324
-7.99017 0.146282 13.5086 157.66 200.658
-11.0689 -0.0749047 16.7446 107.495 186.325
-5.45775 0.922775 12.567 268.739 243.656
-6.19394 1.27622 10.5713 150.494 286.655
-5.5943 1.22456 10.6335 186.325 272.322
-6.09662 1.02215 10.3805 146.91 265.155
3.71244 -0.434132 33.8638 687.971 179.159
3.16262 -3.60096 71.4765 637.806 164.826
6.08328 -3.86148 60.0628 680.805 139.744
-11.2937 -0.559537 39.3734 397.733 179.159
-13.8783 -4.11281 49.0988 401.316 125.411
-12.3727 -5.34094 49.087 422.815 107.495
-14.7277 -9.29573 67.3512 447.898 85.9964
-9.77011 -2.95468 37.1225 412.066 128.995
-0.289306 -0.820062 94.8416 605.558 182.742
-8.34138 -3.11208 49.477 490.896 128.995
-12.2827 -1.99102 17.4085 71.6636 103.912
-5.53841 1.56702 13.1313 300.987 265.155
-5.55866 1.22323 10.6219 197.075 279.488
-1.86837 1.40328 10.3162 462.23 297.404
6.82026 -2.69154 20.1093 863.547 89.5795
3.78504 -0.503427 35.4251 702.304 197.075
6.56527 -2.51219 16.688 906.545 75.2468
