-12.8983 -1.73799 33.5709 325 153
-0.702208 1.28938 14.7629 571.2 258
-1.06694 1.31834 15.5912 556.8 255.6
-11.3494 -0.177203 15.5049 49.2 182.4
-11.3947 -0.582241 14.8338 22.8 160.8
2.45987 0.0747574 68.5193 636 190.8
6.98205 -4.81557 68.9367 682.8 141.6
6.88002 -6.47402 63.5641 687.6 117.6
-5.17936 0.845863 10.0035 198 256.8
-11.267 -4.83728 46.2312 429.6 114
-4.03918 -6.36876 45.2323 543.6 87.6
-12.3549 -13.1147 77.7753 493.2 69.6
-12.8393 -13.2585 74.9197 484.8 62.4
-13.0614 -1.80726 33.9954 325.2 152.4
6.32361 -1.10021 10.2427 1098 106.8
4.0069 -8.74234 68.8969 651.6 98.4
-5.08527 1.41274 13.5798 320.4 271.2
0.756407 -6.70603 69.647 616.8 121.2
-14.2253 -10.7624 50.8266 406.8 37.2
-5.44416 0.783611 12.8654 282 238.8
-11.5144 -2.90445 15.9118 60 51.6
6.81578 -4.63721 66.3833 682.56 142.56
-5.45508 1.06294 9.82337 168.48 277.92
-5.01902 -0.0640974 37.9015 511.2 190.08
-5.42053 0.440099 36.0151 498.24 201.6
-4.73234 -6.21263 40.8914 524.16 79.2
-10.6021 -2.89549 39.8624 413.28 136.8
-10.4036 -4.30304 37.1716 403.2 106.56
-10.0116 -4.35812 42.7895 437.76 116.64
-12.1226 -1.7943 33.7517 344.16 151.2
-14.8367 -1.99917 38.6159 325.44 152.64
-10.4599 -0.759187 31.7005 365.76 172.8
-6.60254 -6.10416 181.205 583.2 167.04
-4.4714 -1.04384 91.3337 571.68 182.88
6.41073 -2.34381 10.9253 1069.92 27.36
6.51956 -2.42159 15.3757 933.12 72
6.65294 -0.491731 11.6987 1054.08 161.28
3.69559 0.263185 9.56273 917.28 214.56
1.11398 1.36534 11.3095 685.44 288
0.262818 1.3727 11.2409 626.4 289.44
-1.73555 1.43096 12.5776 502.56 280.8
-12.6967 -4.51397 34.8106 339.84 95.04
-11.4 -11.0065 56.8335 463.68 50.4
-17.2866 -12.4539 70.9307 432 63.36
-5.59369 1.04667 12.1779 252 257.76
-11.4561 -0.00534637 17.8178 120.96 191.52
-11.536 -0.179775 15.7299 48.96 181.44
4.49945 1.23105 7.38785 1111.68 331.2
-5.06857 -0.0640573 37.8778 509.76 191.808
-10.7587 -6.67014 49.8346 451.008 93.312
-17.0868 -12.4075 70.1109 432 63.936
-12.211 -9.28457 43.8475 404.352 36.288
-9.77969 -2.73634 36.9635 412.992 136.512
-9.95117 -4.30622 42.2799 430.272 114.048
-7.57191 -5.30904 77.5451 537.408 141.696
-3.83595 -5.90122 43.6362 544.32 91.584
-5.18058 -4.77533 41.7532 518.4 107.136
-4.45761 0.461265 16.7599 407.808 212.544
-10.507 -0.765839 31.9783 364.608 172.8
-10.2798 -2.23474 49.8656 457.92 158.976
-4.6494 -1.0554 92.3456 571.968 183.168
3.72201 0.412477 9.32887 927.936 228.096
6.58519 0.345756 12.5629 1016.06 216
6.43333 -2.38956 15.1723 931.392 72.576
3.45827 0.85903 9.53193 896.832 266.112
1.2045 1.09131 20.2271 653.184 233.28
1.0896 1.37428 11.3835 684.288 286.848
4.80883 -2.10046 32.6713 717.12 145.152
-1.34777 1.31993 14.2075 535.68 264.384
-5.49062 -0.0569569 33.6792 487.296 190.08
-1.09532 1.30889 16.006 556.416 255.744
-5.35694 1.45005 14.521 324.864 267.84
-4.57339 1.37519 18.0447 416.448 248.832
-1.90495 1.49287 9.4315 447.552 319.68
0.869537 -6.83369 70.9729 616.896 120.96
-10.7852 -2.8604 37.2397 395.712 133.056
-11.8975 -2.37801 47.2018 426.816 155.52
-5.63302 1.05084 12.2265 250.56 259.2
-4.22328 1.54221 8.74422 222.912 333.504
-5.22753 1.01185 9.85811 188.352 273.024
-10.9544 0.0613451 15.8382 82.944 193.536
-5.40832 0.581103 9.76362 171.072 238.464
-11.3458 0.0192945 17.6845 120.96 191.808
-5.80625 1.26348 10.0046 148.608 292.032
-5.98997 1.27708 9.89429 136.512 292.032
-11.2543 -4.18105 20.8408 203.904 39.744
-14.2037 -4.69141 36.5713 323.136 96.768
-10.6886 -2.96329 18.3295 171.072 69.12
6.49485 -1.13001 10.52 1097.28 108.864
6.45285 -1.78044 9.06332 1180.22 38.016
4.45749 1.22975 7.31896 1111.1 331.776
-7.55002 -2.48484 44.4165 470.707 143.078
-9.05886 -4.11417 46.7841 462.413 126.49
-10.7211 -0.729871 32.3558 362.88 172.109
-8.07678 -1.2517 15.7263 217.728 130.637
-5.32315 -1.31898 102.885 570.24 180.403
-7.57311 -5.06092 100.456 553.651 155.52
3.7404 0.337442 9.40776 926.899 221.875
6.35323 0.369258 12.1851 1016.06 215.654
1.16902 1.0845 20.1008 651.11 230.17
5.97982 -7.03706 46.3178 705.024 78.7968
5.35942 -2.43768 37.1135 717.466 145.152
-5.11503 -0.0639794 37.8317 508.032 190.771
-0.376871 1.15705 15.7575 593.05 248.832
-1.10562 1.34367 16.1565 555.725 255.053
-0.346033 1.38434 11.2085 584.755 288.23
-4.49018 1.46291 15.0696 379.469 265.421
-1.91823 1.49006 9.49726 447.898 317.261
-5.22902 -5.91841 41.2194 516.326 85.0176
-14.3213 -14.6699 82.8951 483.149 62.208
-5.24246 -5.54292 53.6889 545.357 111.974
-7.60585 -3.8106 46.2592 487.296 130.637
-11.6424 -4.95233 37.0003 381.542 93.312
-11.8572 -3.42763 32.7587 340.07 114.048
-5.29848 0.830154 10.1517 196.992 257.126
-10.9469 0.0172337 15.7956 82.944 192.845
-5.46448 0.556894 9.8157 170.035 236.39
-5.67931 1.23883 9.80941 149.299 290.304
-5.90405 1.23509 9.88871 141.005 286.157
-11.0231 -4.13418 20.4653 203.213 41.472
-11.6648 -1.82191 15.5516 39.3984 101.606
6.4281 -2.35206 12.5976 1003.62 49.7664
-10.7202 -0.819826 32.3532 363.295 171.694
-11.0963 -1.1768 32.2688 353.341 164.229
2.77531 1.08886 9.93514 828.611 281.18
-4.40984 1.42279 14.8694 383.201 263.762
-4.20278 1.5139 8.65194 231.414 318.505
6.21042 -1.06893 10.082 1094.86 109.486
1.10599 1.29049 13.2935 674.335 268.739
-0.3321 1.37562 11.2648 584.755 288.645
-4.22567 1.57646 10.9192 303.575 306.063
-11.707 -3.43362 22.1936 213.996 74.6496
-0.388221 1.12638 15.3398 592.22 248.832
-11.2322 -1.40279 15.2291 47.2781 121.928
-0.829329 1.43813 9.00654 534.989 318.505
1.1596 1.04801 19.9387 651.94 231.414
-5.47799 -6.26895 43.6608 500.152 87.0912
-5.54757 1.29227 9.69838 154.276 296.11
6.80193 -3.65666 65.3628 686.776 149.299
1.41228 -8.87708 85.9837 622.08 131.881
-5.30125 0.814287 10.13 196.577 256.297
-13.2775 -3.8449 36.2646 328.458 114.463
-11.3898 -1.84682 24.9475 268.739 136.858
-4.54799 0.465746 16.9227 405.596 211.507
-18.8973 -15.6221 81.2503 440.433 52.2547
2.0878 -6.40383 127.112 619.592 146.811
-7.48197 -3.78052 45.8941 490.199 131.881
6.39835 -2.36562 15.2905 930.632 74.6496
-5.6417 1.51324 11.8517 229.921 298.598
-5.70561 1.55159 12.0211 238.879 292.626
-1.95827 1.52116 9.69547 450.884 316.514
6.32126 -2.25135 12.5248 1000.3 56.7337
-6.08419 1.3471 9.60836 107.495 301.584
-1.11568 1.30665 15.9787 549.421 250.823
-5.74896 1.47005 13.5857 280.683 274.711
6.39591 -2.387 17.834 880.865 92.5655
-10.7358 0.0597606 15.4291 80.6216 194.089
-1.35219 1.43162 10.2112 504.631 301.584
-10.7693 -4.6013 34.3777 376.234 92.5655
-12.6701 -3.6347 34.7378 340.402 113.467
-14.5887 -3.92013 37.9706 328.458 113.467
-11.9456 -1.96735 26.0855 268.739 134.369
1.11036 1.00352 19.0922 650.945 229.921
-5.42311 0.436277 35.7023 495.673 200.061
6.60398 -3.93898 62.6234 686.776 149.299
-11.5256 0.0196004 17.9648 122.425 191.103
-5.75026 1.16838 9.7908 143.327 286.655
-5.62417 0.974706 11.9194 238.879 253.809
-5.07952 0.795847 9.73217 194.089 256.795
-9.81697 -4.07516 38.9474 424.01 113.467
-11.5348 -11.4418 68.4189 465.814 59.7197
-10.0577 -0.638381 49.7959 459.842 182.145
-9.12805 -1.58663 17.489 214.991 125.411
-7.62035 -1.71638 58.1566 513.589 170.201
-8.58358 -4.82641 75.0717 528.519 143.327
-8.02786 -3.88619 48.8259 489.701 131.383
-3.19385 -5.2807 39.4537 549.421 92.5655
2.69159 0.327646 19.9868 710.664 203.047
6.532 0.362221 12.528 1015.23 217.977
-4.30259 1.49278 11.3215 311.737 293.821
-5.55154 1.44185 12.9911 279.488 275.905
-7.93964 -10.4912 96.4214 548.227 93.1627
1.07707 1.02234 19.4503 648.556 229.324
6.10088 -2.2947 17.1444 877.88 93.1627
6.12706 -10.906 85.0166 662.889 96.7459
-12.0873 -3.51361 33.1399 326.07 114.662
-5.09526 0.738844 16.7102 376.234 225.74
-6.5147 1.23378 20.2564 365.485 236.49
-12.1565 -0.00568556 18.9482 121.828 189.909
-10.6608 0.0167833 15.3828 78.83 193.492
3.68053 -0.286654 33.152 691.554 186.325
-5.46955 0.508393 11.8717 247.24 225.74
-5.19944 -0.0650352 38.456 505.229 189.909
-11.6501 -3.42597 22.1442 214.991 75.2468
-5.58683 1.15113 9.53513 143.327 286.655
6.92313 -4.39459 68.355 684.388 146.91
-10.6768 -0.315728 36.5145 394.15 186.325
-10.013 -4.11667 46.0837 447.898 118.245
-0.126243 -0.340338 76.0811 605.558 186.325
0.925365 -6.77889 138.377 612.724 154.077
-10.4137 -3.05252 38.3517 408.483 132.578
-4.35012 0.402532 16.2707 419.232 200.658
-5.84478 1.45763 9.72148 125.411 304.57
-5.4697 0.931808 11.592 240.073 254.406
-10.8964 -4.59436 34.3258 376.234 93.1627
3.41898 -0.13194 10.2918 856.38 175.576
0.38729 1.25171 14.8031 634.223 257.989
6.31785 -2.33035 15.1992 928.044 75.2468
6.48373 0.411441 12.4354 1010.46 207.825
3.70871 0.341585 9.16769 928.044 222.157
