-14.1055 -1.61031 35.9322 319 155
3.38748 -0.165531 37.0037 675.6 186
-1.051 1.43269 14.7583 553.2 265.2
-0.888803 1.21805 27.5483 584.4 222
-11.2218 -4.48486 45.2705 427.2 115.2
-12.9553 -13.1848 81.5551 493.2 72
-12.8445 -12.8469 74.9503 484.8 64.8
-6.57757 -4.05997 90.5935 555.6 157.2
3.87579 -7.7163 63.5999 652.8 102
0.848064 -6.18348 69.2203 618 123.6
-5.27125 1.57452 13.1942 300 280.8
-13.788 -1.62293 35.1236 319.2 154.8
3.17954 0.528058 79.3423 636.48 194.4
-5.086 0.25296 38.0081 509.76 194.4
6.88177 -4.06756 66.1301 685.44 144
-10.4502 -2.64846 38.684 410.4 139.68
-10.7781 -4.16092 37.759 398.88 108
-4.69369 -5.99263 40.5574 522.72 80.64
1.6367 -4.71812 62.5584 623.52 132.48
-4.42304 0.569675 15.8823 396 216
-10.9193 -0.595832 32.4098 360 175.68
-6.58295 -4.95656 195.603 583.2 169.92
1.10641 1.46158 10.2221 694.08 302.4
-4.62301 1.50179 17.4732 407.52 254.88
-10.4457 -4.10532 35.895 394.56 105.12
-13.36 -4.49409 35.8097 335.52 96.48
-11.6973 -10.969 58.3153 462.24 51.84
-5.393 0.875376 11.9215 256.32 246.24
-11.4979 0.136512 16.9653 93.6 194.4
-5.25285 0.908666 9.22804 154.08 267.84
-13.9497 -1.64196 35.5354 319.68 154.08
-11.4625 -2.81153 15.0585 27.36 44.64
0.920607 -6.81693 75.1413 620.352 117.504
-10.3351 -2.60588 38.062 407.808 139.968
-10.4856 -4.21426 42.539 433.728 119.232
-4.09675 -5.90738 41.9555 532.224 82.944
-9.90254 -1.79439 47.3957 456.192 160.704
-5.07148 0.298748 37.1276 508.032 195.264
-5.79354 0.230613 34.6503 485.568 193.536
-6.18414 -4.47145 176.459 584.064 171.072
-10.1793 -0.542022 29.4828 352.512 176.256
-11.6697 -1.51708 31.8732 336.96 153.792
-4.91301 -0.300771 97.5815 571.968 186.624
3.73051 0.499074 8.38537 969.408 238.464
6.29069 -0.991696 9.2324 1152.58 107.136
6.53198 -2.26982 14.4121 955.584 69.12
1.25264 1.3067 19.6577 656.64 238.464
1.12344 1.47415 10.5146 692.928 302.4
0.265163 1.46326 10.1352 628.992 304.128
7.36896 -4.25701 70.8117 684.288 146.88
-1.67781 1.51179 11.4656 494.208 293.76
-4.40494 0.589347 15.8173 395.712 216
-13.9252 -4.86055 37.8898 333.504 96.768
-10.4222 -6.15321 47.9666 449.28 95.04
-10.4152 -4.04053 36.6665 397.44 107.136
-15.6035 -10.8851 64.0247 430.272 65.664
-5.44537 1.10051 11.0206 221.184 267.84
-4.12018 1.64944 9.13598 250.56 333.504
-5.31679 1.53545 13.4961 305.856 278.208
-11.7668 0.139704 17.3619 93.312 195.264
-11.1968 0.165957 15.3256 51.84 196.992
-5.77916 1.34393 9.04714 96.768 307.584
-5.23622 1.09653 8.97938 141.696 286.848
-13.4571 -4.22455 34.0393 317.952 96.768
-10.6604 -2.84026 17.5685 148.608 65.664
6.62511 -0.359063 10.659 1095.55 172.8
-16.2386 -11.1717 66.2526 431.309 66.3552
-11.8294 -0.637593 34.6813 356.659 176.256
-10.3205 -4.25468 46.8982 445.824 122.342
-4.89299 -0.686163 94.5708 570.24 184.55
-7.87184 -4.38902 104.418 555.725 157.594
6.34729 -2.21926 14.0911 953.856 70.5024
1.21724 1.24439 19.9743 655.258 238.464
3.29105 -9.82024 184.724 620.006 149.299
5.3121 -1.9455 34.7758 719.539 147.226
-5.20066 0.25084 37.6895 508.032 194.918
-1.2927 1.41073 12.872 530.842 271.642
-0.218405 1.48354 9.13183 588.902 317.261
-4.52402 1.48561 17.0096 406.426 255.053
-4.60106 1.60869 14.4943 367.027 273.715
-5.44213 -5.98059 42.8993 514.253 87.0912
-14.4032 -14.2899 83.3692 483.149 64.2816
-8.49645 -3.90321 50.816 487.296 132.71
-12.6859 -4.23575 33.7513 331.776 95.3856
-10.6053 -1.76853 42.0748 423.014 157.594
-11.0703 0.143003 15.1524 49.7664 194.918
-11.3619 -4.11015 20.2072 192.845 39.3984
6.49754 0.473388 11.4254 1051.32 223.949
-5.63766 1.51738 8.88367 99.5328 325.97
-5.69697 1.39264 9.03655 104.509 313.528
-8.6714 -3.53656 42.9325 465.316 129.393
-7.78431 -0.821242 14.6797 201.554 146.811
6.37142 0.479785 11.2036 1052.56 223.949
2.80943 1.18788 9.10509 855.982 296.11
6.44082 -2.21904 14.343 953.027 72.1613
1.1073 1.37211 11.9147 679.311 278.692
-4.25829 1.47743 13.6539 365.783 273.715
3.76707 0.422832 8.49409 970.445 231.414
-5.14187 0.897645 8.98912 151.788 268.739
-4.15683 1.62855 9.85564 273.715 320.993
1.08647 1.1355 17.8285 654.428 236.39
-11.2452 -3.17267 20.5069 196.577 72.1613
-0.294864 1.30438 14.9346 592.22 256.297
-4.66129 0.389927 58.5877 549.919 191.601
5.92825 -6.49851 43.571 706.683 82.1146
-5.40634 0.654228 8.90977 121.928 246.344
-10.7311 -1.55704 22.7425 256.297 136.858
-4.50833 0.574917 16.0285 395.643 216.484
-12.6987 -3.38461 34.1645 333.435 114.463
-5.64153 0.628356 11.3537 218.972 233.902
-7.40497 -3.42568 45.4218 487.711 134.369
3.50866 0.948269 8.76358 930.632 276.204
2.88586 1.25186 9.39516 853.992 295.612
-4.27625 1.59577 10.4489 286.655 310.542
3.75677 0.416451 8.3659 970.445 232.907
-3.35306 -5.37108 41.4204 549.421 95.5515
-0.343852 1.52386 10.6576 585.253 304.57
-5.83863 1.50747 9.20035 104.509 313.528
-10.6193 -1.60344 22.5056 268.739 149.299
-12.4124 -3.21058 31.959 322.486 116.453
-5.15626 0.887618 9.01428 152.285 268.739
-5.67489 1.64139 11.0496 203.047 307.556
-5.64042 1.53054 12.3922 259.781 283.669
-11.7688 -3.18081 31.6627 334.43 113.467
-1.35226 1.51726 9.42003 504.631 307.556
-1.18356 1.31762 14.6205 546.435 259.781
1.20395 1.23143 20.2178 653.931 235.893
-4.40438 1.42398 16.304 403.108 256.795
-11.1301 -0.60484 32.8997 346.374 188.117
6.21567 -2.8564 56.6976 686.776 152.285
-5.51619 0.873872 11.901 247.837 244.851
-11.7456 -0.683771 34.5768 355.332 176.173
-10.1669 -4.00785 39.8953 421.024 113.467
-9.67902 -0.210029 46.9511 459.842 185.131
-9.65509 -2.44696 35.7409 409.08 137.355
-7.095 -3.78216 64.4033 525.533 146.313
-7.49458 -3.4378 45.5825 486.715 134.369
3.15455 -0.116843 9.11415 889.823 188.117
6.43001 0.501152 11.3344 1054.05 223.949
-10.976 -13.925 151.173 544.644 111.079
-4.74457 1.42649 17.7461 401.316 254.406
-5.3534 0.917093 9.31362 150.494 268.739
6.65942 -2.27546 17.5478 895.795 93.1627
6.52659 -2.60403 44.3418 716.636 146.91
1.14279 1.22617 20.1313 652.139 236.49
-8.70713 -0.129416 14.9672 164.826 182.742
6.81288 -3.47848 63.7633 684.388 150.494
-5.52871 0.633521 8.96754 118.245 243.656
-8.69994 -1.45035 15.5112 197.075 114.662
-11.487 -3.21991 21.0011 197.075 71.6636
-5.86656 0.647978 11.7082 218.574 232.907
-11.151 -0.930694 31.5349 354.735 175.576
-10.9598 -3.20067 38.2096 404.9 136.161
-5.62836 1.18019 16.7056 336.819 240.073
-10.087 -3.87893 39.1542 419.232 114.662
0.906898 -5.88898 135.615 612.724 157.66
-3.04686 -6.99099 94.4367 587.642 136.161
-7.62787 -3.96607 67.5348 537.477 164.826
-7.67201 -1.23932 58.5509 512.395 171.993
-5.94112 1.0908 11.568 207.825 265.155
0.544222 1.45732 14.5938 623.474 257.989
2.69381 -0.00661734 22.0536 695.137 189.909
6.55469 -2.25191 14.6876 949.543 71.6636
3.80248 0.435999 8.5205 971.042 232.907
6.22229 -0.959423 9.16946 1146.62 107.495
