0.219034 1.33761 17.8779 618 242
-0.449633 1.33029 16.8407 588 245
-5.22751 1.20734 15.0197 342 246
-4.12027 1.68592 10.8417 310 306
-7.93397 -0.969767 13.3508 150 127
-4.50008 1.38224 14.2386 366 258
4.46172 -1.68341 13.7179 860 94
-5.58623 0.691194 10.3982 186 236
-1.0711 1.5294 8.53691 507 329
-4.09899 1.70262 8.22625 207 350
-4.19966 1.60971 18.7288 439 249
-16.4695 -11.1736 66.8152 429 62
6.49071 -1.54215 8.92468 1190 51
6.81915 -2.02737 14.258 977 77
2.84595 1.10386 10.6108 819 268
2.7133 1.40529 14.6865 751 260
-5.40815 1.1794 10.1191 188 275
-11.1101 0.256292 14.4112 19 196
-8.2843 0.203419 13.5595 138 195
-6.96722 0.350278 11.0514 114 208
-5.25649 0.973946 8.3563 102 278
-13.7893 -1.44574 34.3954 312 152
-4.16655 1.70308 9.0163 238.8 333.6
-5.64716 0.900486 10.6495 190.8 249.6
-5.62677 0.679879 10.4466 186 235.2
-0.687733 1.52173 11.1869 559.2 291.6
-4.24005 1.6497 13.3571 363.6 280.8
-7.98075 -0.975486 13.4296 150 126
-1.33389 1.51691 12.4218 525.6 278.4
-4.42243 0.668738 15.1247 385.2 217.2
-1.27807 1.60401 8.49177 487.2 337.2
-1.1811 1.60146 8.73561 500.4 332.4
4.35593 -3.53901 50.6622 672 134.4
3.56103 -1.63778 13.346 816 96
2.82272 0.688522 18.479 724.8 213.6
-10.8904 -4.24365 43.4458 424.8 112.8
-5.63147 1.40209 8.07716 43.2 322.8
3.23853 -6.38354 168.61 622.8 157.2
-7.965 -0.866615 14.4154 184.8 135.6
-10.0739 -1.70864 18.0056 184.8 111.6
-1.58352 1.61198 7.89446 445.2 350.4
-12.6959 -12.5873 79.9221 493.2 69.6
-12.4216 -12.2222 72.4825 484.8 62.4
-2.44249 1.61726 7.86672 357.6 350.4
-4.66078 0.899714 18.5936 418.8 220.8
3.6072 0.435863 7.49857 1003.2 235.2
4.30682 0.93995 7.61045 1069.2 294
6.63275 -1.54161 9.87556 1142.4 63.6
6.4114 -2.11664 10.6242 1082.4 31.2
6.52418 -1.55308 8.98789 1190.4 50.4
6.78865 -0.308536 9.98361 1147.2 164.4
3.92603 -0.101974 10.159 921.6 180
1.28092 1.37925 17.7735 662.4 243.6
1.16574 1.54188 9.33111 706.8 316.8
3.57501 -1.45373 13.1921 819.6 104.4
4.14228 -7.69302 66.4558 655.2 99.6
-0.10372 1.47374 14.3582 602.4 264
-1.00871 1.50366 13.3803 550.8 271.2
-4.53596 1.59713 16.4522 398.4 256.8
-2.69154 1.65603 8.05532 342 350.4
-4.26397 1.63471 13.0883 351.6 280.8
1.0274 -5.9146 68.3388 619.2 122.4
-5.18303 1.67038 9.62273 182.4 321.6
-5.87463 1.55401 12.3051 237.6 280.8
-5.31255 1.63919 12.4318 273.6 284.4
-8.07071 0.179799 13.2099 138 194.4
-13.5693 -1.46976 33.8467 312 152.4
-8.20832 -1.4385 13.7481 150 102
-11.5617 0.0401204 16.1636 63.6 184.8
6.47747 0.546544 10.3981 1098 229.2
-11.0985 -6.40452 40.6651 408.96 67.68
-12.0515 -8.7477 42.4269 401.76 33.12
3.57971 -1.63783 13.3465 813.6 95.04
3.50232 -1.95606 13.6232 812.16 84.96
-10.1089 -2.36919 36.8513 406.08 136.8
-4.89351 0.437772 35.8247 508.32 192.96
-5.43178 0.304068 32.2186 483.84 192.96
-7.91363 -0.880949 14.3224 184.32 136.8
-7.62628 -1.04277 14.0861 194.4 126.72
-9.99654 -1.6913 17.8229 184.32 110.88
-4.84226 -5.98034 40.8589 522.72 77.76
-5.79892 -3.88684 172.307 584.64 168.48
-10.1181 -0.41815 29.4243 352.8 174.24
6.57824 0.55629 10.5836 1098.72 228.96
3.44159 1.02867 7.64036 976.32 298.08
6.65679 -1.55776 9.89087 1141.92 63.36
6.62795 -1.54369 9.88889 1143.36 63.36
6.54048 -0.983798 10.072 1124.64 110.88
6.87269 -2.07535 14.454 976.32 77.76
6.61703 -2.19909 12.2341 1031.04 50.4
6.5343 -2.1716 12.0811 1029.6 47.52
4.02212 -0.104847 10.4453 921.6 180
6.99793 -1.08169 14.8916 970.56 129.6
2.55609 0.96348 7.38507 889.92 293.76
1.2767 1.40428 18.4264 662.4 243.36
0.808783 1.3595 18.8722 640.8 240.48
2.89466 1.08787 16.0303 745.92 239.04
3.06451 0.278206 16.9709 744.48 200.16
1.13961 1.53315 9.43716 705.6 316.8
3.4004 -2.17888 13.5945 800.64 63.36
6.64192 -3.51833 61.3643 686.88 145.44
-2.24061 1.50855 16.2378 502.56 254.88
-0.100324 1.42549 13.8881 601.92 267.84
-0.852681 1.35237 26.4287 584.64 223.2
-1.00228 1.56508 8.87387 519.84 325.44
-1.10987 1.52421 12.6254 540 277.92
-1.69565 1.57079 10.6743 483.84 302.4
-0.217033 1.54676 8.12885 587.52 339.84
-0.261765 1.52206 10.3432 588.96 302.4
-0.669439 1.47205 12.9388 568.8 273.6
-5.36602 1.2295 15.2954 341.28 244.8
-4.5855 1.58344 16.5484 397.44 257.76
-4.44749 1.58583 12.9862 342.72 277.92
-10.4433 -3.85474 35.8865 394.56 105.12
-12.1977 -3.99799 32.2138 328.32 92.16
-13.6482 -12.6163 67.5727 462.24 48.96
-5.45553 1.33646 13.0207 285.12 263.52
-4.18522 1.69302 9.02952 239.04 334.08
-5.25749 1.71269 9.71082 181.44 322.56
-5.49705 1.18141 10.2587 187.2 273.6
-4.08939 1.65832 10.7605 311.04 305.28
-5.34657 1.66709 12.5114 277.92 286.56
-8.0721 0.179421 13.1821 136.8 194.4
-5.75675 1.17144 8.27335 46.08 296.64
-5.87366 1.75522 10.4463 164.16 316.8
-13.9359 -1.50947 34.7611 312.48 152.64
-11.6672 -0.0721239 16.123 57.6 180
-7.89759 -0.983808 13.2896 149.76 126.72
-10.5576 -1.5999 40.761 418.176 155.52
2.85714 0.722937 18.7043 724.032 214.272
-5.22771 0.943406 8.29222 98.496 276.48
-10.9503 -2.52795 39.3207 406.08 136.512
-10.1491 -3.93882 42.1248 432 115.776
-9.87898 -1.67141 17.6133 183.168 110.592
-5.40897 0.344579 31.8208 483.84 193.536
-11.2489 -1.33629 29.8177 330.048 152.064
-8.51627 -4.87924 87.2165 537.408 143.424
-9.6079 -1.60239 45.6814 454.464 158.976
6.57917 0.557616 10.6088 1097.28 229.824
3.77096 0.538238 7.47168 1028.16 245.376
3.76802 0.537819 7.46586 1019.52 243.648
6.44197 -1.37906 9.79437 1126.66 77.76
6.44977 -2.13422 10.7125 1081.73 34.56
6.78382 -2.03462 14.3089 974.592 79.488
6.49218 -2.16307 13.3797 983.232 63.936
6.6734 -2.1779 12.3066 1029.89 50.112
2.84171 1.22122 8.14481 888.192 311.04
2.80418 0.967224 8.20075 883.008 290.304
1.25757 1.35601 17.793 661.824 243.648
1.26166 1.33862 18.5824 654.912 243.648
3.97903 0.274629 34.1301 692.928 193.536
3.16944 0.966471 79.0904 635.904 195.264
3.5383 -1.64578 13.2609 813.888 95.04
6.63564 -3.56957 17.5495 896.832 32.832
7.56479 -3.86238 70.8006 692.928 139.968
-1.17033 1.57902 8.74595 501.12 331.776
-1.62667 1.57542 10.808 483.84 302.4
-0.206514 1.54135 8.16004 587.52 340.416
-0.280956 1.5339 10.5231 587.52 302.4
-0.724094 1.51098 13.281 568.512 274.752
-5.39149 1.23046 15.3073 340.416 245.376
-4.4055 0.642163 14.9954 383.616 217.728
-4.53491 1.55815 16.284 397.44 257.472
-3.99982 1.61338 13.6793 381.888 274.752
-4.39469 1.61771 13.098 349.056 279.936
-10.3004 -3.87564 34.7317 393.984 105.408
-13.2604 -4.31461 34.765 328.32 93.312
-13.9161 -10.1011 48.9912 395.712 32.832
-16.5243 -11.2109 67.0378 430.272 62.208
-5.60587 0.95159 11.4421 226.368 248.832
-6.01163 1.58563 12.5554 238.464 281.664
-5.65373 1.19729 10.5238 186.624 274.752
-4.15249 1.68391 10.9265 311.04 305.856
-5.18691 1.59257 12.3386 283.392 283.392
-11.6176 0.221066 16.2418 63.936 191.808
-5.60961 1.71371 9.95206 162.432 321.408
-9.78008 -2.40586 17.79 193.536 82.944
-12.8356 -3.94614 31.796 309.312 93.312
-11.3813 -0.0485706 15.7581 57.024 179.712
-7.96621 -0.971434 13.3738 150.336 127.872
1.16724 1.53496 9.44831 705.024 317.952
6.79152 -0.183996 10.0083 1147.39 165.888
-10.1403 -5.78291 46.0793 447.898 91.2384
-5.25174 0.943578 8.29372 97.4592 275.789
-10.5399 -0.380625 29.6901 346.291 174.182
-7.70228 -3.4102 46.0662 485.222 130.637
-5.01511 0.494687 36.3448 505.958 192.845
-10.5703 -4.11985 46.8488 435.456 116.122
-6.01119 -3.24968 82.7926 555.725 155.52
-6.45054 -6.79821 49.7571 514.253 85.0176
1.15852 1.53653 9.37771 702.951 315.187
3.86176 0.886921 7.60964 1024.36 282.01
6.63568 -2.22579 16.2909 916.531 85.0176
2.84243 1.24918 8.1795 887.501 308.966
3.4892 1.02579 7.69851 980.813 294.451
3.80734 0.424485 7.48188 1024.36 232.243
0.266202 1.5197 9.19688 632.448 317.261
-11.5125 -0.0711674 15.9092 58.0608 178.33
-3.98269 1.62542 13.6207 381.542 273.715
-4.43409 1.56831 12.8427 350.438 279.936
-8.1313 0.161531 13.2187 134.784 194.918
-9.88693 -2.55585 13.6891 53.9136 39.3984
-11.6522 -4.33593 39.8502 393.984 103.68
-13.0133 -4.25065 33.87 327.629 91.2384
-5.87181 1.75466 10.443 165.888 315.187
-5.28813 1.72236 9.84328 182.477 321.408
-5.87231 1.5534 12.3002 236.39 279.936
-5.59077 1.18396 10.4066 186.624 273.715
-0.281693 1.42474 14.2675 593.05 259.2
-0.298593 1.52927 9.25482 582.682 315.187
-0.710724 1.48308 13.0358 566.093 273.715
-1.62445 1.54683 10.3164 483.149 300.672
-8.29628 -1.14529 13.6725 143.078 116.122
-5.62627 1.40921 8.05363 43.5456 327.629
-5.46576 1.19555 8.04824 58.0608 302.746
3.52016 -1.682 13.4025 812.851 93.312
-13.7096 -13.381 79.3542 483.149 62.208
-4.45897 1.54661 15.9318 396.058 257.126
-5.32183 1.19354 15.1095 340.07 244.685
-4.35237 0.631429 14.7447 383.616 217.728
-13.3649 -9.04299 54.5281 429.235 62.208
-10.6734 -1.66583 40.9878 418.867 155.52
-7.76972 -1.05425 14.2412 192.845 126.49
2.8361 1.2679 8.22714 888.33 311.04
2.85826 1.104 8.46217 880.865 296.11
3.48532 1.00326 7.68997 977.91 293.622
6.56148 0.572118 10.604 1097.35 228.925
6.45902 -2.1582 13.3496 980.398 64.6963
0.268553 1.50731 9.2781 632.033 316.017
1.17091 1.47611 11.5609 686.776 286.157
0.449772 1.46468 13.0334 634.522 273.715
6.54964 -1.56868 9.0057 1191.91 47.2781
-5.28527 1.59999 12.5311 283.669 283.669
-11.215 -0.0908875 15.498 57.2314 179.159
3.75384 0.547651 7.45831 1020.21 248.832
-5.21424 1.65779 9.70575 184.136 320.993
-5.52367 1.60806 11.4697 233.902 288.645
-4.39701 1.59372 13.0508 350.853 278.692
4.0096 -0.1049 10.4505 923.167 179.159
-11.522 -3.1724 20.1429 186.624 74.6496
2.8307 0.690468 18.5313 726.59 206.531
-5.82797 1.13277 10.4686 169.206 271.227
-12.6372 -3.28224 33.1312 328.458 111.974
-0.266563 1.41 14.5246 592.22 258.785
-5.43133 0.67903 8.03045 64.6963 251.32
-7.27777 0.204235 10.6509 82.1146 196.577
-1.66264 1.59731 10.6531 482.734 301.087
-1.30517 1.45043 12.1543 525.036 278.692
1.18952 1.31336 17.8863 659.405 241.367
-0.297835 1.51255 9.23133 582.267 316.017
-0.281296 1.50644 10.5358 589.732 298.598
-5.47911 1.17362 8.05141 57.2314 301.087
-5.2547 0.94204 8.28021 97.0445 276.204
-15.8369 -15.3338 90.9353 482.734 62.208
-9.21871 -1.57088 16.3147 181.647 109.486
-8.98097 -1.50044 14.152 119.439 102.021
-9.54508 -2.48141 15.4821 126.904 57.2314
6.32 -6.60198 45.9802 711.66 79.6263
6.51912 -2.599 57.9938 689.265 151.788
3.48295 -9.84895 195.495 622.08 149.299
-4.52764 1.57043 16.1771 393.155 258.785
-9.54821 -1.60748 16.9396 179.159 116.951
-8.28217 -1.16233 13.6492 141.834 116.951
-10.7715 -0.395182 30.8256 350.853 174.182
-9.90874 -3.75519 36.8697 418.038 111.974
-10.4221 -1.65827 49.2267 452.874 159.253
-10.2118 -3.88181 42.1421 427.991 114.463
-7.59046 -1.05197 13.9482 191.601 126.904
1.12558 1.54999 9.54081 701.706 313.528
-9.92005 -3.94847 30.4496 367.276 89.5795
-10.3644 -5.99752 38.7657 400.122 62.7057
-5.71711 1.60556 11.8032 232.907 289.641
-5.7485 1.21109 10.6451 191.103 265.753
-4.42266 1.5483 15.7239 391.164 259.781
-4.26245 1.55782 12.7568 349.36 277.697
-13.2232 -3.43445 34.6675 328.458 110.481
2.95624 -0.0763062 8.82494 862.95 179.159
3.58786 0.445188 7.47999 1003.29 235.893
-1.69227 1.58248 10.653 483.729 301.584
-1.35198 1.53748 12.5903 525.533 277.697
-5.60621 1.20736 8.20463 56.7337 301.584
-5.16597 0.937458 8.1404 95.5515 274.711
-5.68491 1.71288 10.1106 164.229 316.514
-0.262191 1.4813 10.36 588.239 298.598
-0.282231 1.51061 9.14185 582.267 316.514
-1.03845 1.49051 13.7748 552.407 268.739
-9.48172 -1.62369 16.8632 179.159 110.481
-8.44268 -1.25939 13.8819 140.341 113.467
-5.468 0.658414 8.05155 62.7057 250.823
-4.51236 0.672735 15.215 397.136 223.949
-4.52036 0.670781 15.1709 382.206 217.977
1.21719 1.32061 18.6934 656.917 238.879
8.15415 -3.43682 74.3798 692.748 161.243
-14.2172 -13.0524 69.9083 465.814 59.7197
-7.76629 -0.967452 13.0687 149.299 125.411
-5.57594 0.930677 11.381 223.949 247.837
-10.7633 -0.393316 30.68 349.36 173.187
-8.14792 -3.88752 71.2615 525.533 146.313
-7.68772 -3.27584 45.9792 486.715 131.383
-5.24641 1.61619 12.5216 283.669 283.669
-3.14856 -4.88117 38.8941 549.421 92.5655
5.50499 -8.9487 76.3851 662.889 98.5375
0.277083 1.49657 9.13381 633.029 316.514
2.90515 1.29752 8.49602 886.837 313.528
3.94206 -0.0882002 10.2005 922.669 179.159
6.40663 -2.13455 13.3179 979.403 65.6917
3.85892 -0.0860303 9.94954 928.641 188.117
0.19286 0.617289 76.7148 609.141 189.909
-8.52725 -1.43442 13.8938 139.744 114.662
5.97602 -2.15385 39.4818 727.386 154.077
-7.00448 0.454924 11.3612 118.245 211.408
-5.15869 0.439134 35.9362 501.645 193.492
1.15777 1.25829 18.1689 655.722 240.073
6.74044 -8.07678 55.1823 702.304 96.7459
-5.92803 1.18184 10.6484 171.993 272.322
-5.16189 0.961805 8.66586 128.995 272.322
-4.59378 1.53245 16.0154 390.567 250.823
-5.24873 1.00149 15.3882 351.152 236.49
-5.80243 0.80032 12.2972 240.073 232.907
-10.3489 -2.51764 37.5359 404.9 132.578
1.24207 -5.1773 75.6209 623.474 136.161
-2.93235 -7.14699 104.391 587.642 136.161
-8.02796 -1.01646 13.4775 150.494 125.411
-9.13807 -3.60609 41.0066 444.315 125.411
-7.52363 -0.767959 14.0773 200.658 139.744
3.69179 -0.783933 13.3489 824.132 143.327
-7.09071 -1.0589 53.546 537.477 164.826
-8.38878 -3.54507 49.7581 483.73 132.578
-11.9433 -3.1571 31.4267 326.07 111.079
-5.6234 1.63561 12.0241 232.907 290.238
-4.44596 1.54121 15.6519 390.567 257.989
0.284483 1.29191 12.9373 634.223 272.322
3.88707 0.167524 31.8225 698.72 189.909
6.64607 -2.17589 13.8157 974.625 68.0805
6.93174 -2.31732 17.3134 913.711 85.9964
