-16.0565 -11.1026 64.7742 427 58
-12.6381 -1.42207 30.7765 304 149
5.54699 -1.78425 33.5627 732 145
-4.1088 1.55819 17.561 432 251
-7.89867 0.164715 12.1016 103 194
-4.52192 1.36457 13.4772 349.2 261.6
-5.55287 0.669524 9.47717 144 238.8
-1.15674 1.58398 7.75732 487.2 351.6
-13.6623 -1.53731 33.2706 304.8 148.8
-0.701483 1.53977 10.4635 556.8 301.2
2.9251 -5.22128 133.023 624 154.8
-9.79494 -1.71775 16.6382 163.2 104.4
-2.89727 1.28466 27.3349 530.4 219.6
-11.137 -11.3343 70.1086 493.2 66
-3.6541 -5.64773 40.92 543.6 82.8
-4.99148 -6.28181 42.1181 522 73.2
6.70716 -1.9627 13.0378 1005.6 69.6
1.28549 1.35532 16.8606 666 246
-0.0956904 1.4518 13.2467 603.6 268.8
-4.66905 1.57986 16.0444 387.6 259.2
-12.4042 -12.4065 72.3809 484.8 58.8
-12.0297 -4.04541 31.1972 322.8 87.6
-4.13253 1.65421 8.04646 195.6 350.4
-5.49428 1.17678 9.4219 145.2 282
-11.2388 -0.0251069 14.846 28.8 182.4
-7.71885 -0.982864 12.1366 115.2 120
6.59597 0.588418 9.66073 1149.6 232.8
2.84802 0.677444 17.5273 731.52 213.12
-11.0546 -6.56063 39.8944 411.84 64.8
-10.9539 -0.0102641 34.2072 371.52 182.88
-10.3559 -0.808942 31.9237 368.64 164.16
-4.07968 1.49628 20.7709 460.8 237.6
-10.3994 -2.54389 37.1566 403.2 133.92
-10.2866 -4.11121 40.3652 421.92 109.44
-4.88232 0.333927 35.3825 506.88 191.52
-5.5225 0.301679 31.9655 482.4 191.52
-3.56519 -5.4258 39.312 542.88 82.08
-4.33907 0.620697 14.0381 371.52 218.88
-10.2224 -0.449273 28.7956 347.04 172.8
-5.69574 -4.22787 176.538 584.64 167.04
3.59611 0.452316 6.53117 1067.04 244.8
3.41194 1.0434 6.65034 1035.36 316.8
6.49606 -2.1286 11.0708 1068.48 36
6.78342 -1.9904 13.2218 1005.12 70.56
1.26776 1.33663 16.6281 666.72 246.24
0.819637 1.3687 17.9595 643.68 241.92
1.15722 1.53173 8.41917 720 334.08
6.84562 -6.35412 53.6016 702.72 97.92
7.32935 -3.7402 66.8561 689.76 141.12
-2.89683 1.49986 16.9036 478.08 252
-0.109771 1.44968 12.7422 603.36 269.28
-0.824347 1.34298 25.5504 584.64 223.2
-0.976975 1.54849 7.96328 508.32 344.16
-1.08284 1.55396 7.7691 495.36 347.04
-1.01536 1.52296 12.7621 547.2 276.48
-4.56811 1.56009 15.6229 387.36 259.2
-5.25257 1.15994 14.1846 325.44 247.68
-10.4279 -3.92358 35.1613 390.24 100.8
-11.9792 -4.02842 31.0662 322.56 87.84
-12.2107 -9.01419 42.5705 391.68 27.36
-12.7121 -12.0137 62.9384 462.24 46.08
-5.69097 0.793889 14.3446 305.28 227.52
-5.28208 1.61224 11.4995 246.24 290.88
-5.94352 1.52178 11.5414 207.36 288
-5.56634 0.657932 9.50015 144 239.04
-5.18409 1.65553 8.76453 136.8 335.52
-5.5348 1.1563 9.46881 145.44 282.24
-9.42408 -1.67498 16.0082 162.72 105.12
-8.22701 -1.49743 12.9355 116.64 93.6
-7.78411 -1.0082 12.2391 115.2 119.52
2.86505 1.1198 9.72376 842.4 276.48
6.79564 -0.267085 9.04968 1211.04 162.72
-9.98704 -2.44303 35.6834 402.624 133.056
-9.95377 -3.98938 40.8426 430.272 112.32
-5.32269 0.333622 30.8089 480.384 191.808
-4.77811 -4.20295 37.6649 516.672 101.952
-4.36157 0.618349 13.985 369.792 217.728
-9.78566 -0.430079 27.5654 345.6 172.8
-9.47865 -1.68394 44.4785 452.736 157.248
2.84225 1.27315 7.27606 929.664 328.32
6.66551 -2.12663 11.306 1067.9 36.288
6.66615 -1.52622 8.97703 1204.42 51.84
6.7582 -1.95696 13.2445 1003.97 70.848
6.62951 -2.15597 12.6811 1009.15 58.752
1.25892 1.35197 16.8189 663.552 245.376
2.26013 0.795254 58.4276 637.632 193.536
1.15474 1.51614 10.4012 698.112 295.488
3.96136 -7.14393 59.5652 653.184 101.952
6.77399 -6.36142 53.0408 703.296 96.768
2.89613 -5.51868 140.6 623.808 155.52
-4.31484 0.428891 53.3013 549.504 190.08
-1.67603 1.57605 9.70126 471.744 314.496
-1.11544 1.52367 11.9334 535.68 285.12
-0.251316 1.52921 9.41291 587.52 314.496
-0.650268 1.45648 11.9269 566.784 279.936
-4.64307 1.58568 15.8792 385.344 260.928
-4.289 1.6835 13.6307 368.064 279.936
-4.31967 1.56905 12.0268 330.048 286.848
-13.8398 -13.9627 86.367 495.936 69.12
-12.0353 -4.01829 30.988 326.592 86.4
-10.0882 -3.919 36.9635 407.808 105.408
-10.5723 -1.68848 40.1704 418.176 153.792
-5.82819 1.51208 11.3481 207.36 288.576
-5.20898 0.928712 7.35381 32.832 288.576
-5.92631 1.74883 9.61244 119.232 328.32
-5.50989 1.16144 9.4038 145.152 281.664
-18.3588 -4.64856 36.2373 236.736 88.128
-13.9892 -1.57409 34.0665 305.856 148.608
-9.38035 -1.66328 15.8964 160.704 105.408
-11.4022 -0.10809 14.8976 32.832 181.44
-7.90786 -1.02199 12.4066 115.776 120.96
6.53097 0.583809 9.58506 1149.12 235.008
-15.9477 -11.0274 64.3352 418.867 51.84
-7.71978 -3.53837 42.9545 483.149 128.563
-5.8425 0.221505 33.2818 479.002 190.771
-4.18423 -0.14454 85.468 572.314 182.477
-6.41776 -3.7154 88.3924 555.725 155.52
6.55277 -0.953684 9.11461 1181.95 103.68
6.62053 -2.14853 15.4116 939.341 76.7232
0.306037 1.49306 8.20662 636.595 331.776
0.405201 1.43387 11.7418 638.669 279.936
3.82637 0.8885 6.59924 1090.71 298.598
3.45771 1.00895 6.66724 1038.87 313.114
-6.08547 1.53753 11.7852 207.36 286.157
-5.19925 1.16333 13.9881 321.408 248.832
-8.46158 -2.24637 12.6935 103.68 47.6928
-4.13043 1.6704 10.0245 282.01 315.187
-5.22477 1.57591 11.5853 257.126 288.23
-1.67046 1.54391 9.66898 472.781 313.114
-10.6256 -4.07854 35.6609 389.837 99.5328
-5.44221 1.65988 8.78758 120.269 327.629
-5.42252 1.13015 9.25469 145.152 282.01
-0.267003 1.5442 9.50522 586.829 313.114
-0.291302 1.50068 8.31206 578.534 331.776
-0.634193 1.43665 11.6321 564.019 279.936
0.646363 1.29857 24.7055 628.301 223.949
-10.4849 -1.2564 27.191 321.408 147.226
-6.16286 -7.31713 69.0142 543.283 105.754
-6.15929 -6.62344 47.5105 503.885 72.576
6.47143 -2.51767 56.179 692.583 151.373
-4.55171 1.54712 15.4931 385.69 259.2
-4.65763 1.43589 18.1775 414.72 244.685
-9.98015 -0.428551 27.4674 344.218 172.109
-11.2761 -1.51187 31.7637 352.512 149.299
-7.65004 -0.974101 12.0283 116.122 120.269
-6.07223 -3.72189 188.208 584.755 167.962
-10.5603 -1.68657 40.1248 414.72 151.373
-10.6514 -2.68474 37.6826 402.278 132.71
1.14055 1.5251 8.3827 717.466 331.776
6.53636 0.569783 9.57342 1148.77 234.317
-8.11895 -1.20542 12.5192 106.998 109.486
3.38392 0.986279 6.57788 1040.12 313.528
3.88544 -7.07372 59.6719 654.428 99.5328
-4.14727 1.49616 11.5916 320.993 283.669
-5.30483 1.60006 11.7628 256.297 291.133
-5.14993 1.13302 13.8554 320.993 248.832
-12.7336 0.16956 32.2091 313.528 189.112
-9.85331 -3.7713 33.3805 390.666 99.5328
-4.09233 1.58821 13.0057 368.271 278.692
2.88502 1.266 7.41193 930.632 325.97
-1.34109 1.51391 11.7292 534.989 283.669
-10.2302 -1.64982 17.1346 159.253 104.509
-0.237842 1.47447 9.39789 587.244 311.04
-0.284841 1.36459 13.4774 592.22 263.762
-0.686182 1.46229 11.9746 564.849 281.18
-13.0687 -12.9659 75.6449 482.734 59.7197
1.15727 1.24611 16.0578 664.382 246.344
0.6907 1.18787 23.8626 629.545 223.949
5.90699 -6.04404 40.9054 714.148 77.1379
-4.97232 0.330099 34.9769 502.641 191.601
6.7525 -2.82422 59.3356 691.753 151.788
3.51638 -8.60042 170.712 622.08 146.811
7.60667 -0.969234 36.2589 763.914 164.229
-13.83 -1.60848 33.7935 306.063 149.299
-4.50139 1.52961 15.1072 383.201 261.274
-4.36633 0.619024 14.0003 368.271 218.972
-9.90656 -0.432006 27.6889 343.388 171.694
-7.94228 -1.18427 12.2995 114.463 119.439
-7.56412 -3.41802 44.4994 485.222 129.393
6.53422 0.570759 9.58982 1149.6 233.902
5.55234 -8.83554 72.825 662.889 98.5375
1.06871 -5.72189 65.0664 624.071 116.453
-11.9839 -3.18558 30.8557 322.486 107.495
-1.33303 1.48859 11.6587 534.491 283.669
-10.7073 -4.28909 32.0451 361.304 83.6076
-4.35874 1.48759 14.4931 382.206 262.767
-9.21499 -1.64791 15.5428 149.299 104.509
-5.33193 1.20396 14.2384 322.486 247.837
-12.0687 0.24223 30.1036 316.514 188.117
-5.10131 -6.1526 58.0305 546.435 107.495
-4.68613 -5.95253 39.5415 519.561 77.6356
1.20378 1.30187 17.7298 662.889 241.865
0.39823 1.08978 20.7334 621.085 223.949
-5.52009 0.65092 9.3989 143.327 253.809
-7.75891 0.0851022 12.7869 149.299 191.103
-0.256857 1.33533 13.0096 591.225 265.753
-0.973794 1.4606 12.6831 549.421 274.711
-15.3162 -0.328731 32.7495 265.753 170.201
-14.3618 -1.62151 35.0928 307.556 149.299
-5.55181 0.91441 10.4696 191.103 253.809
-4.33725 0.612171 13.8453 367.276 217.977
-7.91469 -0.175293 39.186 462.828 179.159
-3.9653 1.45433 20.1886 453.87 235.893
-4.71595 0.867057 17.9187 409.08 223.949
-13.3915 -0.490967 28.8919 244.851 170.201
-10.0189 -0.474019 27.8946 343.388 170.201
-7.1126 -3.18183 42.1884 483.729 128.397
-8.23648 -1.27314 12.6732 107.495 107.495
-5.5964 1.53723 10.7512 203.047 295.612
-3.11396 -4.98808 38.4668 549.421 89.5795
-1.73666 1.60615 9.97188 471.786 313.528
1.17745 1.50581 10.7404 695.734 295.612
0.445093 1.45752 11.9355 636.015 280.683
6.69973 -2.17837 12.9186 1009.26 56.7337
3.73819 0.568546 6.50963 1086.9 259.781
-10.3807 -4.12695 39.4424 401.316 103.912
-4.56531 1.36174 15.1101 379.817 261.572
-4.5792 1.51347 15.1561 358.318 265.155
4.08925 0.170416 32.3717 702.304 189.909
-15.5432 -15.2978 89.249 487.313 71.6636
1.72449 -5.36919 78.4237 623.474 132.578
-12.546 -1.51207 30.8657 308.154 146.91
0.201527 0.645032 80.1627 619.89 193.492
7.43359 -6.99518 56.3637 705.887 93.1627
7.18456 -3.17026 64.7143 691.554 146.91
-9.0259 -2.36386 31.9319 401.316 132.578
-11.1374 -4.30071 41.6569 412.066 107.495
1.82131 -5.83496 148.658 616.307 157.66
-2.56481 -6.25117 91.3061 587.642 132.578
-13.6873 -0.587498 29.7085 265.155 168.41
-8.02089 -1.05411 12.5839 114.662 118.245
-11.7527 -3.16623 30.2604 318.903 107.495
-5.24698 0.950255 7.8712 68.0805 283.071
-4.36228 1.55074 12.1454 329.653 283.071
-5.7434 1.58872 11.0041 200.658 297.404
6.61663 -2.17573 15.4525 935.21 78.83
3.75525 0.502592 6.47658 1089.29 250.823
