-19.6139 -13.8474 78.2472 426 55
-4.75787 -8.31028 94.5002 574 122
-14.9742 -1.78864 35.5032 297 146
-17.0852 -15.9767 72.5906 436.8 24
-2.86344 1.25322 26.6657 529.2 219.6
-14.1162 -1.7327 33.4687 297.6 146.4
-3.61257 -5.80866 40.455 543.6 79.2
-11.199 -11.6916 70.4988 493.2 63.6
1.31725 1.36154 16.102 670.8 249.6
7.94198 -2.99388 68.945 692.4 152.4
-11.6753 -12.0565 68.1275 484.8 56.4
-12.3759 -4.26204 31.1945 320.4 81.6
-5.70703 0.650359 8.85707 93.6 243.6
-8.13234 0.141686 11.5947 63.6 193.2
-8.00089 -1.06012 11.6854 75.6 112.8
7.48759 -0.68316 34.5459 767.52 169.92
2.98675 0.670274 17.3418 740.16 214.56
-10.9613 -0.972235 32.9424 362.88 162.72
-4.44297 1.56309 21.6985 455.04 240.48
-10.4537 -2.67319 36.8019 398.88 131.04
-11.1338 -4.5575 42.9857 419.04 106.56
-5.09061 0.290986 36.1628 505.44 191.52
-14.4171 -0.058777 34.7555 302.4 182.88
-10.498 -0.533215 29.0037 339.84 169.92
-10.5451 -0.513881 27.9521 328.32 171.36
-4.44318 -5.85254 37.4915 521.28 70.56
3.67611 0.469975 5.74718 1154.88 257.76
6.9345 -2.02585 12.531 1038.24 61.92
2.88695 1.11619 8.83832 869.76 288
3.7476 -0.992983 11.4732 864 122.4
7.64568 -4.13239 67.1841 691.2 141.12
-0.819376 1.33488 25.3964 584.64 224.64
-0.0726317 1.43407 12.4527 604.8 275.04
-4.81649 1.61396 15.7242 374.4 263.52
-4.5693 1.34117 12.7218 331.2 266.4
-11.3087 -4.43696 37.4289 385.92 97.92
-13.7429 -13.1772 68.0418 460.8 43.2
-11.2753 -1.94094 37.4911 387.36 146.88
-4.08701 1.63616 9.06242 252 328.32
-8.47538 -1.59115 12.4036 79.2 84.96
-5.50394 0.254299 31.6036 478.656 190.08
3.72043 0.484786 5.82914 1154.3 259.2
3.46212 1.0584 5.81749 1118.02 340.416
3.82317 0.58186 5.66887 1185.41 276.48
6.9908 -2.02472 12.6327 1036.8 62.208
1.34247 1.38761 16.4103 668.736 248.832
4.3685 0.284534 35.3611 699.84 191.808
7.85531 -4.24569 69.0262 691.2 141.696
-0.239102 1.52493 8.51193 585.792 330.048
-0.681454 1.54126 9.56906 552.96 312.768
-0.0727176 1.4531 12.4674 603.072 276.48
-4.40373 0.611252 13.4028 355.968 219.456
-2.42034 -6.92841 101.198 590.976 134.784
-10.2674 -2.61276 35.97 399.168 131.328
-5.20648 1.13992 13.2629 302.4 250.56
-5.23876 1.58972 10.6025 221.184 302.4
-4.29904 1.60954 11.4802 311.04 295.488
-13.7677 -3.78434 34.3416 316.224 105.408
-14.0381 -1.72882 33.3938 298.944 146.88
-10.451 -1.88308 16.8753 139.968 100.224
-10.8144 -1.93985 17.384 131.328 103.68
-8.04638 -1.0825 11.7519 76.032 114.048
-4.75924 -4.82667 47.3899 543.283 103.68
-4.63354 -0.423384 94.6458 572.314 180.403
-6.43539 -3.7256 88.6351 555.725 153.446
-9.93685 -1.80662 46.0277 449.971 155.52
6.62296 -2.17998 14.3486 962.151 70.5024
-5.69941 0.661795 8.84525 93.312 242.611
-4.40109 0.361834 54.3667 549.504 188.698
-5.37716 1.17963 13.5063 304.819 250.906
-5.55984 0.923313 9.64942 151.373 259.2
-11.3684 -4.49205 37.4542 385.69 97.4592
-1.71169 1.61858 9.0347 458.266 327.629
-8.00154 -1.06021 11.6864 74.6496 114.048
-6.17879 1.55606 11.0988 170.035 304.819
-5.51118 1.14213 8.57163 93.312 290.304
-0.25019 1.50854 8.48638 586.829 327.629
-0.658261 1.49867 11.4873 561.946 286.157
4.24018 -7.87522 181.356 624.154 153.446
-11.5332 -1.54004 28.969 313.114 145.152
-5.86622 0.218934 32.8955 476.928 188.698
1.31432 1.40799 16.9298 667.699 246.758
0.705672 1.28145 24.3799 630.375 223.949
-4.73226 1.58573 15.4493 373.248 263.347
-4.52628 0.603984 13.6601 352.512 221.875
-13.9744 -14.3145 80.8867 483.149 55.9872
-11.046 -0.556766 30.2848 337.997 170.035
-6.28675 -4.93763 194.856 584.755 165.888
-15.7894 -13.163 67.4841 437.53 41.472
-10.7145 -1.82446 40.7106 414.72 151.373
2.84746 1.09345 8.75469 868.839 286.157
-4.7828 -0.572925 97.6945 572.314 179.159
3.96205 -7.29783 60.8485 654.428 99.5328
-5.30364 1.55666 10.887 226.437 298.598
-1.6551 1.56441 8.80063 457.851 325.97
-10.9001 -4.32684 36.0766 385.69 97.0445
-10.6695 -4.42242 31.409 360.806 82.1146
-4.68016 1.55416 15.1416 373.248 263.762
-4.06504 1.59385 12.2168 350.853 286.157
-7.86528 -1.04427 11.5108 74.6496 111.974
-4.48519 1.63077 11.6316 308.552 293.622
-5.53098 1.20915 13.8443 303.575 251.32
-0.245931 1.53195 8.75506 587.244 325.97
-0.680336 1.47721 11.3228 562.36 288.645
1.31425 1.40626 16.6309 666.87 246.344
0.716509 1.24146 23.6191 634.522 223.949
6.70262 -6.79101 45.1114 716.636 74.6496
-4.62646 -5.78126 51.8089 544.942 104.509
-16.2259 -16.3585 93.169 482.734 57.2314
-5.22012 0.287042 35.6727 502.641 191.601
3.78707 -7.23904 172.223 624.568 154.276
7.16696 -2.89153 60.7497 691.753 141.834
3.74657 -9.9225 181.888 624.568 146.811
-4.52532 0.62025 13.6001 353.341 221.461
8.8711 -3.49344 77.9521 694.241 149.299
-13.8228 0.177807 33.7757 308.552 186.624
8.10109 -1.1031 37.3764 771.379 161.741
-10.8063 -0.581468 29.4035 338.412 169.206
-4.88306 1.48581 18.1695 405.596 246.344
-24.0395 -29.925 324.874 554.895 116.951
-11.7537 -2.08165 43.7346 413.061 149.299
-7.78033 -3.5794 45.7714 485.222 126.904
-11.6296 -3.18948 29.3135 313.528 104.509
5.93805 -9.44933 77.884 665.875 95.5515
1.80316 -7.42582 77.1226 624.071 113.467
-0.278971 1.42828 13.1997 591.225 268.739
-0.670013 1.48582 11.151 561.365 289.641
-5.24158 1.13554 13.2119 304.57 250.823
-12.6866 0.121306 31.319 304.57 188.117
-4.11848 1.59758 12.3774 349.36 286.655
-6.35769 -8.1263 74.6862 546.435 104.509
-5.6766 -6.96538 46.2697 516.575 74.6496
1.35138 1.37547 17.7248 665.875 244.851
-11.1716 -4.63829 32.6199 367.276 86.5936
-10.9595 -6.64758 39.7507 403.108 59.7197
-14.3248 -1.72817 34.303 298.598 146.313
-10.5585 -4.33514 41.4321 412.066 104.509
-4.62748 0.612346 13.8493 352.346 220.963
-14.5252 -0.645865 30.5135 250.823 185.131
-8.5164 -3.92351 49.2948 483.729 128.397
-8.27766 -1.11135 12.0652 74.6496 113.467
-5.43248 1.63634 11.1197 226.935 298.598
-3.09953 -5.12474 38.2885 549.421 86.5936
1.25192 1.51355 9.91055 704.692 307.556
0.480331 1.46224 11.208 641.987 289.641
4.41655 -0.146789 6.93494 1140.65 170.201
3.78677 0.509173 5.64986 1179.46 268.739
4.30727 0.171928 32.659 705.887 189.909
-10.9501 -1.94093 17.1796 132.578 96.7459
-1.04602 1.57763 12.4921 544.644 283.071
-9.3555 -2.41453 32.6164 394.15 128.995
1.72691 -5.81372 78.5337 623.474 132.578
3.86634 -0.760989 11.8367 852.797 121.828
5.47807 -1.93027 32.869 730.969 143.327
7.59742 -3.10178 65.1669 691.554 146.91
1.25888 1.33122 17.4677 662.889 243.656
0.429955 1.1766 22.3851 623.474 225.74
-12.7946 -1.67701 30.741 300.987 146.91
0.440953 0.255398 65.9391 612.724 186.325
2.16385 -6.93236 176.617 616.307 154.077
-7.71958 -3.55641 44.6827 483.73 128.995
-8.46425 -1.28715 12.1402 75.2468 114.662
-14.7975 -4.00215 36.7825 300.987 103.912
-5.65421 0.893717 9.76607 146.91 257.989
-5.23417 1.01502 13.8234 315.32 240.073
-4.45086 1.51762 14.208 365.485 265.155
-0.967678 1.47638 11.9537 562.56 286.655
8.20272 -7.73378 60.2878 713.053 75.2468
1.5686 -7.06699 71.3346 623.474 114.662
0.439125 1.44485 10.9579 641.39 290.238
