4.12755 -0.367413 11.3767 895 162
0.803458 1.34147 16.13 647 249
-8.24044 -0.0487834 10.9053 19 183
-4.2642 1.59303 10.5269 291 305
-4.04728 1.49415 16.3273 420 255
-4.06038 1.51629 15.8466 410 261
-2.83315 1.49444 15.1769 466 261
-1.00994 1.41937 12.4758 546 275
-1.38471 1.5453 8.49376 478 332
-13.3871 -1.69244 31.0238 290 146
6.94176 -0.964767 9.4724 1190 107
6.87788 -2.14224 12.3975 1038 52
6.73361 -0.971983 13.6426 988 132
2.73562 1.45388 9.69648 832 306
-4.07105 1.5849 12.5497 359 283
-5.48618 0.747865 12.2785 264 233
-4.03475 1.62429 8.23528 217 344
-7.71727 0.152175 11.1803 70 198
-8.10322 0.115911 10.704 19 196
-11.1103 -1.92225 16.8073 107 98
-7.77601 -0.177194 11.357 75 174
-7.7953 -1.03042 10.5493 30 109
-0.0509376 1.4324 11.4685 604.8 283.2
-0.277933 1.40375 12.3384 591.6 273.6
-10.954 -0.419905 16.5709 106.8 165.6
-2.6785 1.52613 9.81412 393.6 309.6
-3.93729 1.52906 12.2424 360 282
-1.04753 1.60728 8.63633 511.2 336
-0.768843 1.53059 8.47774 535.2 330
-3.45435 1.46495 15.3101 436.8 258
-4.12978 1.49305 16.5671 420 254.4
-4.11075 1.50462 15.9565 412.8 258
-14.8621 -13.9854 70.1984 454.8 40.8
-16.3292 -15.3775 68.568 435.6 22.8
-4.52104 0.9297 15.9945 392.4 229.2
7.56939 -0.740275 32.817 778.8 168
-17.2649 -12.4076 68.496 424.8 54
2.91528 0.413967 5.4319 1065.6 252
2.92858 0.856295 7.09291 949.2 286.8
4.28005 -0.123554 6.72061 1144.8 174
6.66537 -2.17708 13.4664 990 62.4
4.69723 -1.86268 10.5254 958.8 49.2
6.85761 -2.20409 12.4546 1035.6 48
2.99944 1.15964 13.4923 780 256.8
1.36935 1.39032 15.4272 675.6 254.4
2.6816 0.636275 58.758 642 193.2
3.25098 0.46005 16.7158 757.2 207.6
0.71192 1.43932 9.51115 666 306
1.09425 1.52483 9.38595 700.8 314.4
3.60547 -1.92876 10.8988 870 54
4.08972 -0.365446 11.3158 895.2 162
7.10643 -2.78332 60.2367 694.8 152.4
-1.28618 1.55189 8.09661 480 340.8
-0.91615 1.51345 11.126 544.8 292.8
-1.33386 1.5362 9.96805 502.8 306
-3.97997 1.58742 11.2112 331.2 296.4
-1.50453 1.56721 8.05957 458.4 343.2
-12.5332 -13.146 73.1339 483.6 55.2
-4.11653 1.64095 8.26144 210 346.8
-5.60568 0.64211 7.85217 32.4 252
-5.48888 0.919897 8.72574 106.8 270
-7.19297 -1.10263 10.3998 66 103.2
-8.28639 -1.55947 11.2989 38.4 76.8
-11.1937 -1.93668 16.9335 106.8 98.4
3.1909 0.48909 4.967 1170 273.6
-1.3783 1.45625 12.2031 521.28 277.92
-4.12059 -8.62742 98.1065 577.44 122.4
-11.2582 -0.362011 17.103 109.44 169.92
-10.6493 -4.48259 40.6781 416.16 105.12
-10.1159 -4.18407 36.1439 401.76 100.8
-4.1928 1.52641 16.1876 413.28 257.76
-0.602895 1.46869 10.2718 563.04 298.08
-1.02429 1.43955 12.6531 545.76 273.6
-2.83475 1.22479 26.0609 527.04 221.76
-10.5403 -2.7317 36.2201 396 131.04
-10.9932 -6.79512 38.7013 398.88 56.16
-10.6101 -0.641517 28.439 331.2 169.92
-4.58266 0.259387 32.2359 504 191.52
-5.39938 -5.15044 183.146 586.08 165.6
-10.5948 -11.3392 66.6954 489.6 64.8
-3.47753 -5.75404 38.9427 542.88 76.32
-13.8133 -0.145545 32.536 295.2 182.88
-11.1723 -0.568863 28.7661 321.12 167.04
2.87062 0.394792 5.37657 1065.6 252
6.80873 -1.94286 11.3349 1075.68 51.84
6.89077 -2.16897 12.4519 1038.24 51.84
1.33552 1.3563 15.2856 675.36 253.44
0.865543 1.2888 16.0331 645.12 249.12
3.19802 0.452556 16.4435 757.44 207.36
1.18349 1.51386 8.19559 724.32 334.08
3.59107 -1.95257 10.9473 871.2 54.72
6.93111 -3.65677 59.4516 694.08 139.68
0.229185 1.29551 18.7064 616.32 237.6
-0.75312 1.25941 23.3428 584.64 226.08
-0.758989 1.49934 8.36908 535.68 331.2
-1.2747 1.49027 9.93921 505.44 305.28
-0.0508883 1.43102 11.4574 604.8 283.68
-4.57829 0.914442 16.1178 391.68 228.96
-3.01474 1.58732 8.59329 329.76 332.64
-4.05192 1.54935 12.5445 360 282.24
-3.94568 1.5522 11.0713 331.2 296.64
-2.80059 1.53001 12.9724 437.76 275.04
-10.6559 -4.23065 34.4749 381.6 96.48
-15.1774 -14.1889 71.2198 459.36 40.32
-5.22702 1.00835 10.8537 233.28 259.2
-4.05155 1.61463 8.74113 241.92 332.64
-5.28096 1.59283 9.80454 184.32 315.36
-4.69672 1.52501 9.89548 236.16 309.6
-4.40623 1.28879 11.4682 309.6 275.04
-7.73418 0.152508 11.2048 70.56 197.28
-13.4759 -3.46376 31.4324 292.32 102.24
-14.097 -1.78219 32.6691 290.88 145.44
-8.15187 -1.54961 11.1155 38.88 77.76
-9.61714 -2.68015 14.2486 95.04 43.2
-7.87905 -1.08395 10.6426 28.8 108
-5.1006 0.919283 17.0387 381.888 226.368
4.14868 0.261387 32.4844 705.024 191.808
-10.8648 -1.95018 39.8088 407.808 150.336
-3.59238 -5.86761 40.8655 544.32 81.216
-5.4306 0.201107 30.217 475.2 191.808
2.92035 0.548554 5.34438 1076.54 276.48
6.77617 -2.17629 11.0005 1088.64 32.832
6.98432 -0.98394 9.53048 1195.78 105.408
4.09698 -1.2963 10.5633 917.568 96.768
6.60279 -2.14472 11.9315 1036.8 51.84
6.8826 -2.22244 13.8663 990.144 63.936
1.31978 1.36269 15.6023 673.92 254.016
0.863811 1.4542 9.43599 672.192 307.584
1.16282 1.47927 8.13078 717.12 328.32
3.59788 -1.95628 10.9681 870.912 55.296
7.18211 -3.7892 61.6045 696.384 139.968
-0.788326 1.54567 8.56124 535.68 331.776
-1.05993 1.4994 10.0001 523.584 305.856
-0.666416 1.53084 8.6797 547.776 330.048
-0.0678311 1.43635 11.6296 604.8 285.12
-4.71586 0.932782 16.441 392.256 229.824
-4.36568 0.787471 13.231 355.968 229.824
-4.12562 1.48509 19.4867 449.28 243.648
-4.57338 1.52551 14.0982 361.152 269.568
-4.02632 1.58392 11.2975 330.048 297.216
-2.24276 1.57534 8.65887 402.624 333.504
-1.62925 1.0566 9.0655 470.016 276.48
-3.10473 1.46805 12.5956 418.176 276.48
-4.47333 -5.97959 37.308 520.128 67.392
-2.27898 -6.78885 95.2872 592.704 134.784
-13.585 -13.2154 66.7997 451.008 44.928
-10.1775 -1.81258 33.226 383.616 146.88
-5.23978 1.01374 10.9117 233.28 259.2
-6.63201 0.7924 12.4414 196.992 236.736
-5.22086 1.12297 12.4606 285.12 257.472
-4.72967 1.56803 9.9942 238.464 309.312
-4.18219 1.55539 10.1845 285.12 305.856
-5.6451 0.634389 7.89201 32.832 252.288
-7.71945 0.136936 11.2061 70.848 196.992
-5.48711 0.905464 8.70368 105.408 267.84
-13.6365 -1.72955 31.7042 290.304 145.152
-8.45197 -1.61962 11.5029 38.016 77.76
-10.044 -1.84956 15.4214 107.136 98.496
-9.63127 -2.84089 14.8831 115.776 41.472
-7.79437 -0.490247 10.9393 53.568 152.064
-11.1509 -0.449025 16.7979 105.408 167.616
3.17635 0.475162 4.96585 1166.4 273.024
-9.77417 -1.86692 44.4156 447.898 153.446
-9.90271 -1.75383 36.8472 406.426 149.299
-10.3297 -4.37376 44.149 435.456 111.974
-16.0494 -0.418768 32.6654 246.758 174.182
-10.4818 -0.590275 27.8872 321.408 159.667
-5.49432 0.116606 30.1055 474.854 190.771
-4.44082 -0.658145 90.7091 574.387 182.477
6.88725 -0.983338 9.39802 1194.39 103.68
6.80661 -0.999675 11.7392 1059.61 120.269
3.99657 -1.26001 10.2676 914.458 93.312
4.0571 -0.111515 6.06578 1171.58 172.109
4.29954 -0.124116 6.7512 1144.63 172.109
1.19533 1.50335 8.52387 715.392 325.555
-4.46716 1.43738 9.41181 238.464 308.966
-5.2017 1.57299 9.6824 184.55 313.114
-4.6005 1.50702 9.77874 236.39 302.746
-4.16083 1.50763 13.5837 375.322 271.642
-4.53314 1.50563 13.9145 358.733 267.494
-10.8053 0.357015 18.6185 174.182 199.066
-5.47175 0.909099 8.29494 78.7968 273.715
-5.47588 1.58247 9.91048 174.182 313.114
-6.58774 0.821494 12.3584 196.992 236.39
-10.2759 -2.87307 15.1621 95.3856 43.5456
5.99602 -8.61263 68.6271 667.699 97.4592
-7.91649 0.118693 10.9609 43.5456 194.918
-10.4457 -4.14719 33.7948 381.542 95.3856
-9.18569 -2.64456 16.5 186.624 68.4288
3.0802 0.497748 16.4251 752.717 207.36
-5.35928 1.13763 12.6233 282.01 257.126
-5.59299 0.564002 12.7559 271.642 219.802
-1.08164 1.51029 10.0727 522.547 304.819
-2.23763 1.46608 13.7255 483.149 267.494
-0.667488 1.5333 8.69367 547.43 327.629
-0.0679722 1.47176 11.6538 603.418 284.083
-0.640131 1.48883 10.4126 559.872 298.598
-11.2347 -0.385812 17.1034 105.754 167.962
-7.85351 -0.493967 11.0223 66.3552 159.667
1.28073 1.30165 15.3938 673.92 252.979
-4.39306 0.873169 15.3903 391.91 228.096
-12.5637 -13.173 72.7216 483.149 55.9872
-4.19747 1.43418 18.1559 437.53 242.611
-4.83243 1.49889 17.4395 400.205 242.611
-9.71734 -4.181 42.8044 437.53 111.974
6.76979 -2.18601 13.639 989.107 64.2816
1.21067 1.4958 8.54847 714.148 325.97
3.21776 0.661041 8.83517 900.772 246.344
6.92718 -1.99049 11.6128 1082.42 47.2781
4.43112 -0.135231 6.83832 1147.12 171.694
-4.4693 1.48442 13.7185 358.318 268.739
-4.63941 1.53348 9.86143 238.879 308.552
-5.32888 1.54871 10.0492 191.601 308.552
3.10172 0.481791 16.6635 751.473 206.531
-3 1.4567 13.4623 447.898 266.25
-5.33869 1.61025 9.91173 174.182 313.528
-5.72407 1.55522 9.41182 134.369 313.528
-9.39464 -2.77404 17.3078 199.066 67.1846
-10.8369 -4.30251 35.0605 380.713 94.5562
-7.72838 -1.21665 11.0407 64.6963 102.021
-1.06301 1.46021 9.64923 522.547 306.063
-0.0820416 1.44116 9.52332 602.174 308.552
-0.279107 1.40967 12.3905 592.22 276.204
-0.686037 1.49681 10.6762 559.872 298.598
-10.1313 -1.844 15.5555 111.974 94.5562
-5.17426 1.1056 12.2679 281.18 258.785
-4.23735 1.51234 10.1809 293.622 303.575
-4.34805 1.56639 10.4468 283.669 303.575
3.69196 -1.71442 10.8856 873.4 72.1613
7.19124 -3.00017 59.5512 696.73 149.299
3.19776 -5.93914 136.771 624.568 154.276
3.90586 -9.11342 167.056 624.568 144.323
-5.38894 -6.9259 61.3024 542.454 102.021
-14.9888 -15.3507 86.0656 482.734 54.743
0.7393 1.22479 23.3019 637.01 226.437
-4.76564 0.262051 32.5669 500.152 191.601
-4.17066 1.34822 18.7156 447.898 243.855
-4.40733 0.757822 13.3572 358.318 228.925
-4.41065 0.618482 12.4244 338.412 221.461
4.12436 -0.387399 11.5001 893.307 161.741
4.10938 -0.710297 11.548 890.819 136.858
-10.8978 -1.48971 26.6287 303.575 144.323
-13.8182 -17.9805 186.741 554.895 116.951
7.08294 -1.04707 31.083 776.356 164.229
-10.2637 -1.91411 37.9938 408.085 149.299
-14.5199 -0.799013 29.8909 251.32 166.717
-3.68419 0.176274 45.5108 544.942 186.624
2.88523 1.13273 7.92212 903.26 301.087
6.61 -2.14645 13.3922 990.352 64.6963
-5.28869 1.53223 9.59586 170.201 313.528
-5.44665 1.51449 9.16532 128.397 316.514
-12.3572 -7.63822 43.5031 400.122 59.7197
-5.22396 1.19842 12.345 280.683 256.795
-12.4803 0.0327157 29.9857 301.584 188.117
-4.37998 1.55804 10.4885 280.683 313.528
-5.17351 1.10544 12.2662 286.655 265.753
-9.36572 -2.79667 17.2989 200.061 65.6917
-0.665665 1.49559 10.3591 561.365 298.598
-0.301611 1.43473 12.6108 591.225 277.697
-0.272149 1.39134 12.0816 582.267 274.711
-7.63512 -9.31154 60.1862 513.589 74.6496
-9.96334 -1.8308 15.2649 119.439 86.5936
-4.99481 0.272067 33.8116 498.659 191.103
-9.64207 -1.45381 28.8571 361.304 146.313
1.34769 1.393 16.4741 671.846 250.823
0.804252 1.13358 21.5666 636.015 226.935
3.45871 -6.62959 147.932 624.071 146.313
-10.903 -0.417069 16.459 104.509 167.215
-10.5126 -0.633263 28.0731 328.458 170.201
-15.4304 -1.95708 35.8748 292.626 146.313
4.04756 -0.380185 11.286 892.809 161.243
-4.86135 0.86158 16.3918 382.206 226.935
-4.48801 0.611742 12.6423 334.43 223.949
-5.95704 -5.19238 184.637 585.253 167.215
-4.56068 -0.805499 93.1574 573.309 179.159
-2.31384 -7.31837 102.719 591.225 134.369
-7.49423 -3.97753 63.2362 522.547 140.341
-8.24491 -3.79844 47.7234 483.729 128.397
-13.0858 -3.47092 30.7218 307.556 101.523
-5.61087 0.869383 8.47011 77.6356 271.725
-5.29307 1.56607 9.98171 191.103 310.542
-3.08294 -5.25625 38.0836 549.421 83.6076
-4.33331 1.45759 13.1329 355.332 262.767
-1.01321 1.41475 9.4355 522.547 304.57
1.67903 -7.21429 71.8132 627.057 113.467
0.474112 1.45547 10.0812 644.973 301.584
2.90021 0.633353 15.8173 749.482 209.019
2.86756 1.10812 7.90377 904.753 301.584
-11.5129 -6.64143 40.7303 401.316 68.0805
-10.1569 -4.28849 29.2999 347.569 78.83
-0.25267 1.37677 11.9552 591.225 275.905
3.20846 0.502123 17.3667 748.885 207.825
3.63528 0.140654 26.7183 709.47 189.909
-11.5667 -1.99701 17.4609 107.495 93.1627
-4.11817 1.61376 11.5103 329.653 293.821
-4.20799 1.5597 10.2127 279.488 304.57
-5.33678 1.15412 12.6117 279.488 257.989
1.62405 -5.46745 73.8562 627.057 132.578
7.87955 -3.68706 67.5868 695.137 146.91
-4.3782 -5.81079 51.4324 544.644 103.912
1.25627 1.2775 15.6222 670.055 250.823
0.434252 1.09295 19.7483 623.474 229.324
-9.60664 -2.71462 17.0854 182.742 68.0805
-10.9203 -0.416855 16.4506 103.912 168.41
3.79024 -0.994224 11.1297 885.046 118.245
-10.2991 -4.28524 37.9295 408.483 103.912
4.06266 -0.384587 11.4167 892.212 161.243
4.13402 -0.746878 11.6172 888.629 136.161
-4.2272 0.715057 12.9203 354.735 229.324
0.625687 0.102082 93.5638 612.724 186.325
1.53194 -5.42971 125.039 616.307 154.077
-13.4848 0.123835 31.9719 300.987 186.325
-12.9702 -1.65575 30.3512 297.404 146.91
-7.08482 -3.26398 41.0086 480.146 125.411
-13.2667 -3.66245 32.4171 308.154 100.329
-5.51319 0.891699 8.68753 100.329 268.739
-9.50552 0.190121 17.5571 200.658 193.492
-4.44356 1.46382 13.189 354.735 261.572
-1.26737 1.47716 9.67227 523.145 304.57
1.45699 -6.56414 66.2589 627.057 114.662
3.88303 -1.20175 9.90513 913.711 89.5795
6.97472 -0.747634 11.1466 1100.04 136.161
