-4.04914 1.50949 15.5494 404 262
-10.3987 -3.39485 43.4115 433 127
-14.7414 -3.0316 27.5108 212 103
-13.5302 -1.67279 30.6636 282 144
-10.7581 -6.25894 38.0599 402 64.8
-2.7485 1.47524 13.9935 458.4 265.2
-4.64585 0.945269 15.5195 382.8 231.6
5.08647 0.474848 34.8873 717.6 195.6
-16.8722 -15.9936 79.1725 453.6 38.4
-1.77887 1.33072 22.3586 548.4 229.2
8.00411 -1.70117 31.9999 794.4 146.4
-4.5228 -8.74992 97.9501 578.4 121.2
1.94379 -5.43846 67.1549 630 126
-10.738 -1.98626 38.3665 403.2 147.6
-4.3877 -5.8985 36.1741 519.6 64.8
6.85353 -2.11927 11.436 1076.4 40.8
6.74812 -0.943013 12.7385 1016.4 128.4
3.03757 0.679323 62.7334 643.2 193.2
3.14761 0.457711 15.1039 769.2 208.8
1.10695 1.53606 8.5741 712.8 331.2
7.8678 -4.0318 30.4392 800.4 87.6
2.91178 -7.80104 65.8074 642 99.6
6.83293 -3.68021 57.2434 696 139.2
-0.886592 1.49818 10.0855 538.8 302.4
-0.0473329 1.44964 10.6569 606 291.6
-1.37161 1.55838 7.63194 463.2 350.4
-11.9598 -12.5398 69.226 483.6 52.8
-9.9988 -4.26775 28.6143 350.4 74.4
-3.90572 1.56663 10.1655 306 306
-15.3704 -4.13705 28.5364 211.2 78
-15.2569 -6.36276 30.4489 240 28.8
-10.9666 -0.442341 15.7293 79.2 164.4
-3.58617 1.52469 15.0587 427.68 262.08
-5.20138 -4.96157 176.43 587.52 165.6
-11.0767 -6.84191 38.0631 396 51.84
-3.45134 -5.78193 38.0565 542.88 73.44
-9.6352 -1.91338 44.0626 447.84 154.08
-7.8608 -5.25044 81.6672 540 138.24
-10.7612 -0.684932 27.0299 312.48 169.92
6.68819 -2.14518 11.2384 1074.24 37.44
1.3777 1.37723 14.6056 681.12 259.2
3.19604 0.464753 15.3363 768.96 208.8
8.19576 -2.61194 31.708 800.64 125.28
6.89815 -2.63949 57.124 696.96 151.2
7.0734 -3.76584 58.5753 696.96 139.68
-0.712068 1.26953 24.1532 586.08 227.52
-1.00756 1.47832 11.8361 542.88 280.8
-4.69635 0.929401 15.6157 381.6 231.84
-2.32927 -7.51101 103.404 594.72 133.92
-10.4421 -4.11861 33.1857 377.28 93.6
-10.291 -4.31764 38.6926 413.28 102.24
-4.68256 1.56153 9.06829 197.28 319.68
-5.43086 0.918711 7.78943 46.08 280.8
-13.5101 -1.71289 30.618 282.24 144
-10.7398 -0.630551 27.9529 324.864 169.344
-3.36633 -5.55165 38.294 540.864 76.032
-5.62864 -6.64587 42.9564 513.216 70.848
-10.5037 -1.8477 37.7169 404.352 148.608
-7.49527 -3.71564 60.4086 518.4 139.968
-7.67808 -2.67546 56.2102 509.76 150.336
6.82436 -2.13601 11.4404 1074.82 38.016
3.21728 0.343013 13.8649 786.24 205.632
1.36498 1.38464 14.4707 680.832 259.2
4.32449 0.25575 31.7838 708.48 191.808
0.730275 1.49991 8.92684 680.832 321.408
8.45558 -4.2875 32.7132 800.064 88.128
7.44357 -6.87167 54.1545 711.936 91.584
8.45722 -3.23605 70.0348 699.84 150.336
-4.5565 0.255407 31.7412 501.12 191.808
-0.741582 1.30406 22.9852 584.064 228.096
-0.580726 1.48207 9.44629 559.872 311.04
-0.0464628 1.45209 10.461 604.8 293.76
-4.61887 0.93978 15.4294 380.16 231.552
-4.06972 1.48658 18.4935 440.64 245.376
-4.47236 1.52203 13.0588 345.6 274.752
-2.10244 -7.08741 99.4779 592.704 133.056
-15.4965 -20.044 217.603 556.416 117.504
-10.1998 -1.78415 32.705 378.432 145.152
-5.19223 1.14071 11.5846 260.928 262.656
-4.61948 1.54884 8.99459 200.448 323.136
-4.45839 1.3424 10.7479 286.848 281.664
-6.57841 0.812466 11.5005 165.888 240.192
-5.49833 0.895427 7.8705 48.384 279.936
-5.29407 1.62358 8.99276 143.424 328.32
-15.5231 -4.13807 28.82 209.088 77.76
-11.4034 -3.22056 27.4904 302.4 100.224
-12.9983 -6.10222 30.4171 292.032 36.288
-14.2745 -1.80981 32.3504 283.392 143.424
-11.0926 -0.402353 15.8783 79.488 165.888
-3.68699 -0.357193 79.849 574.387 180.403
-6.88818 -4.25169 94.8714 557.798 151.373
-10.1632 -4.43187 42.9272 439.603 111.974
2.92247 0.861712 6.14627 1003.62 304.819
-4.34936 1.42745 12.5468 344.218 273.715
-14.5352 -3.90218 26.9163 209.434 76.7232
-5.2427 1.5465 8.69992 143.078 327.629
5.09593 -7.5165 61.2508 669.773 95.3856
6.8754 -2.14199 11.4725 1074.12 41.472
8.27062 -4.17127 31.8263 800.41 89.1648
-1.07548 1.49954 9.07487 516.326 317.261
-2.20603 1.45273 12.769 476.928 273.715
-0.0472753 1.44787 10.644 605.491 292.378
-10.2458 -4.08648 32.5619 377.395 91.2384
-10.3437 -4.38008 29.3674 350.438 74.6496
-5.1224 1.14127 11.4288 261.274 261.274
-3.91406 1.56998 10.1872 308.966 304.819
-13.1828 -0.135788 30.3548 288.23 182.477
-3.94542 1.44117 17.9287 441.677 244.685
-4.54088 0.898635 15.0987 379.469 230.17
1.34213 1.40285 14.661 680.141 257.126
-4.29374 -5.82144 35.3995 518.4 64.2816
-9.70487 -6.02731 41.9778 439.603 80.8704
-9.19178 -3.87433 36.0689 420.941 105.754
-14.2342 -12.0616 60.1222 437.53 39.3984
-9.55228 -1.92102 42.8653 445.824 153.446
-11.436 -2.05854 40.8605 408.499 149.299
2.94411 0.570125 4.51442 1190.25 298.598
-9.64623 -1.8797 43.2869 445.409 154.276
-4.47308 1.486 12.9037 343.388 273.715
-10.1645 -1.86855 14.7257 84.6029 87.0912
-5.22397 0.524961 11.17 246.344 223.949
-1.29525 1.5035 9.02289 495.176 318.505
-4.23837 1.57573 9.45638 253.809 316.017
-4.6143 1.5346 8.98451 201.554 320.993
-6.0244 1.53128 9.11351 87.0912 318.505
6.21064 -9.63331 75.9185 669.358 94.5562
-5.41162 1.59652 9.34705 151.788 323.482
-5.32088 1.60666 9.03831 144.323 325.97
7.36686 -5.69666 31.939 778.844 54.743
-0.0621474 1.46422 10.6552 604.662 301.087
-0.629149 1.47238 9.38454 559.872 293.622
-3.99618 1.61155 10.3635 306.063 306.063
-4.22331 1.53439 9.36464 266.25 313.528
-10.9804 -4.40854 34.743 378.225 92.0679
-11.1922 -4.70918 31.2822 350.853 74.6496
6.47025 -6.43663 40.869 724.101 69.673
3.04962 -5.66401 130.435 627.057 154.276
4.16379 -10.2107 178.089 627.057 144.323
7.82425 -3.08399 64.7931 699.218 149.299
-4.33085 0.573577 11.5224 318.505 223.949
1.3075 1.32692 14.2827 679.311 256.297
0.860547 1.17746 20.7537 634.522 228.925
-4.17042 1.39145 17.6149 442.921 246.344
-5.429 0.19501 29.3009 470.293 189.112
-11.446 -4.93326 47.7838 437.944 111.974
-2.74186 1.22349 24.5783 530.012 228.925
-4.91034 0.26497 32.9297 500.152 191.601
-5.21441 -6.65596 57.4973 542.454 99.5328
-26.5101 -30.9723 200.193 512.594 72.1613
-13.481 -14.1295 77.4075 500.152 62.208
7.25313 -0.911574 30.8871 781.333 164.229
-4.39928 0.784332 12.5897 338.412 233.902
-10.8947 -1.47615 25.746 296.11 144.323
-2.22063 -7.48585 105.07 592.22 134.369
-15.2486 -19.8418 206.071 557.384 116.951
-11.2953 -1.71396 19.1868 166.717 119.439
-15.2657 -0.474029 30.3823 241.367 166.717
-7.29127 -3.44874 41.8664 480.246 124.416
-11.5417 -2.09843 41.6524 405.596 149.299
-0.830778 1.20182 21.1831 579.281 226.935
-11.4952 -1.9354 16.5204 92.5655 101.523
-5.01893 1.00291 11.6687 274.711 250.823
-12.1153 0.110168 28.4435 289.641 188.117
7.2378 -5.63082 31.5698 779.342 56.7337
-11.5884 -7.05929 40.2059 400.122 56.7337
-5.13144 0.271829 33.7821 498.659 191.103
-11.1288 -0.362231 16.058 77.6356 167.215
-5.04156 -5.89813 36.1718 513.589 71.6636
3.48323 -8.12731 148.98 624.071 152.285
-5.16706 1.1326 30.3976 471.786 203.047
1.24387 1.26291 14.0135 677.818 256.795
2.20038 1.02276 49.7296 641.987 203.047
-9.65397 -4.12056 41.0172 435.954 110.481
6.9616 -2.83895 56.3511 698.72 143.327
-13.1122 -0.70737 26.4626 235.893 149.299
-4.23157 -0.769231 88.9629 573.309 179.159
-2.19137 -6.93103 97.2829 594.211 134.369
-13.504 -1.68014 30.7983 283.669 143.327
-12.4372 -3.48911 29.7827 301.584 98.5375
-5.22328 1.16548 11.5109 256.795 262.767
-2.95492 1.44465 13.0163 438.94 271.725
-0.226019 1.35057 10.6942 591.225 283.669
2.12603 -7.75136 77.1593 627.057 110.481
3.30743 0.511692 16.8852 752.468 214.991
3.45496 -0.14465 32.3358 687.971 182.742
1.51389 -5.36576 123.566 619.89 154.077
-5.99673 -7.80193 68.2164 544.644 100.329
-3.01821 -5.30148 37.2839 548.227 82.4132
3.68644 -0.646105 9.43716 906.545 136.161
-10.8238 -0.393387 15.5245 78.83 164.826
-11.2711 -4.64441 31.1397 343.985 75.2468
5.50427 -0.13228 29.5707 748.885 182.742
7.65351 -1.11777 33.1817 781.134 161.243
0.794672 1.12507 19.8303 627.057 229.324
2.50653 1.24323 60.4496 641.39 200.658
-10.0511 -1.85302 14.445 78.83 85.9964
-10.0094 -1.59438 29.2263 354.735 146.91
-9.09749 -5.61629 39.1152 437.148 78.83
0.787457 0.128475 117.755 616.307 186.325
-10.6568 -0.580781 27.4386 318.903 168.41
-11.3516 0.0289821 26.5637 286.655 186.325
-11.574 -1.46512 29.9073 326.07 143.327
-12.3885 -1.5662 28.7098 286.655 143.327
-7.55099 -4.00765 63.7152 523.145 139.744
-7.60565 -3.60067 42.9849 480.146 125.411
-5.07363 0.918877 16.1959 376.234 229.324
-4.35351 0.752847 12.3603 340.402 232.907
-10.8882 -3.10117 26.1606 300.987 96.7459
-5.43895 1.18964 11.9132 257.989 261.572
-10.443 -14.2492 143.832 555.393 114.662
-0.249957 1.41681 11.0965 591.225 283.071
2.1114 -5.67267 76.6284 627.057 111.079
1.25237 1.29179 14.3339 673.638 254.406
3.44529 0.577853 17.465 759.635 207.825
6.12297 -0.611489 8.93156 1135.87 125.411
