3.59728 0.339869 36.012 682 192
5.65987 -1.74651 29.7399 749 142
-5.22454 1.22014 10.7246 234 270
-16.0327 -3.33544 29.1635 202 100
-13.8053 -1.74972 30.5174 274 142
-4.98843 0.899802 15.1183 357.6 231.6
-14.7499 -14.0825 68.7651 453.6 36
7.49684 -0.814769 30.4804 790.8 166.8
4.91226 0.437704 32.1583 722.4 195.6
2.14623 -5.5724 67.6468 636 127.2
-9.99425 -3.3401 41.2441 430.8 126
-14.3963 -0.807987 28.7314 237.6 164.4
6.97626 -0.976381 12.2672 1050 124.8
3.22944 0.454742 14.3473 781.2 211.2
0.828759 1.34371 14.2502 654 258
1.09891 1.52855 7.53723 728.4 351.6
3.84942 -0.0565136 33.4171 693.6 184.8
7.27394 -3.7854 58.8794 698.4 138
-0.904019 1.52581 9.39201 534 315.6
-4.66603 -6.41318 38.0326 518.4 61.2
-9.86511 -4.26588 27.5731 344.4 70.8
-15.7492 -4.26197 28.5755 200.4 74.4
-15.2319 -6.52164 29.8196 230.4 24
2.69711 1.43868 7.73037 889.2 337.2
-4.49568 0.423145 10.9479 289.44 217.44
7.3124 -0.686173 30.4187 786.24 169.92
-14.7601 -0.826113 29.376 237.6 164.16
-4.9979 -3.93648 33.2071 502.56 99.36
-9.84683 -6.07889 42.3371 439.2 80.64
-10.2429 -1.93312 37.34 407.52 148.32
-3.27904 -5.64418 36.1567 542.88 70.56
-10.5777 -1.97966 37.2384 400.32 146.88
-9.38229 -1.82826 42.1025 446.4 152.64
-6.78779 -4.76971 72.6185 540 138.24
6.87051 -2.12818 10.5351 1120.32 28.8
7.09126 -1.00004 10.3861 1139.04 112.32
0.431857 1.41418 11.5806 637.92 280.8
8.4094 -2.62634 31.3533 806.4 123.84
7.18072 -3.73688 58.1248 698.4 138.24
-0.987284 1.43542 10.8864 538.56 289.44
-0.0163338 1.44856 9.8437 607.68 302.4
-10.3045 -4.41569 38.1448 410.4 100.8
-4.09139 1.64073 9.76492 279.36 318.24
-5.99859 1.53096 8.22621 34.56 341.28
-15.9735 -4.32268 28.9825 200.16 74.88
-14.1586 -1.79449 31.2983 275.04 142.56
-7.0836 -3.71202 57.7381 518.4 138.24
-3.58534 -5.82764 38.3574 544.32 76.032
-5.23332 -6.40134 39.9394 509.76 69.12
-11.0802 -1.33892 59.3556 471.744 169.344
-7.34547 -2.63437 53.7752 509.76 150.336
-4.67153 0.254457 31.6232 499.392 191.808
-5.65088 -3.81556 82.5765 558.144 152.064
-10.3996 -0.595485 26.3984 316.224 169.344
-11.0307 -0.605946 26.8621 295.488 158.976
7.07746 -0.97716 9.86351 1175.04 107.136
7.121 -1.02082 10.451 1138.75 112.32
1.43159 1.43114 13.9432 686.016 264.384
2.98066 0.647981 59.839 644.544 193.536
0.453934 1.43302 11.7348 637.632 281.664
8.56029 -4.3162 31.9159 806.976 86.4
7.28696 -2.80753 58.9848 699.84 150.336
7.43199 -3.86764 60.1588 698.112 139.968
-0.703295 1.29739 21.7985 584.064 229.824
-0.573121 1.49586 8.54882 556.416 324.864
-4.61972 0.939243 14.747 368.064 235.008
-4.84136 0.876971 14.7347 357.696 231.552
-4.05873 1.45131 17.4508 435.456 248.832
-4.57925 1.55064 12.555 330.048 279.936
-2.76168 1.47687 13.3066 447.552 271.296
-2.84585 1.50441 11.2905 412.992 290.304
-4.45289 -6.12022 36.2953 518.4 62.208
-2.02853 -6.9718 95.9811 594.432 133.056
-10.3954 -4.16442 32.4632 373.248 89.856
-9.74887 -6.01842 41.9159 438.912 79.488
-14.1516 -13.6888 66.8427 454.464 36.288
-4.45552 1.3287 9.97182 257.472 292.032
-5.33633 1.62644 8.24615 86.4 340.416
-4.51965 1.47408 7.92062 155.52 338.688
-15.6407 -4.25063 28.2361 198.72 74.304
-11.5591 -3.22752 27.2264 295.488 96.768
-13.433 -6.35931 30.6364 285.12 32.832
-10.2983 -1.80701 32.3003 373.248 143.078
-3.80369 -0.597687 82.3765 574.387 180.403
-14.3685 -3.94097 25.9394 199.066 74.6496
2.92528 0.877896 5.31283 1082.42 331.776
-4.0585 1.51872 14.2182 389.837 267.494
-4.45636 1.48636 12.1716 327.629 279.936
-6.66649 0.825927 10.8375 130.637 244.685
-0.0440228 1.48614 9.91167 605.491 302.746
-4.0789 0.335345 50.3866 549.504 188.698
8.48203 -4.23275 31.6241 806.63 87.0912
-4.00552 1.59025 9.62386 279.936 317.261
4.4905 0.257664 32.0217 713.318 190.771
3.21977 0.4562 14.3933 775.526 211.507
6.43534 -6.40247 39.9464 727.834 68.4288
7.2797 -2.79237 57.0005 698.803 149.299
-10.3106 -4.22003 32.1984 371.174 89.1648
-5.12509 1.12192 10.6421 230.17 269.568
-4.09587 1.44875 17.7164 441.677 244.685
-15.2351 -0.460334 29.5045 228.096 172.109
1.39628 1.41502 13.786 686.362 263.347
-4.61545 0.934227 14.6682 367.027 234.317
-9.77277 -6.11351 41.7688 437.53 78.7968
-6.75187 -8.59026 73.3255 541.21 99.5328
-11.6342 -12.4794 67.3411 483.149 51.84
-25.7189 -34.2711 361.148 557.798 116.122
-13.8462 -0.139493 31.1831 279.936 180.403
-13.7357 -1.78864 30.4572 275.789 141.005
-11.0337 -2.02087 39.035 400.205 147.226
6.27731 -9.26412 73.009 671.846 92.0679
2.68427 -10.0577 97.4192 629.545 111.974
7.49408 -5.75703 31.5395 786.309 49.7664
-2.27217 1.51461 11.2496 452.874 291.133
-4.04863 1.49529 14.1836 390.666 266.25
3.25635 0.497089 15.024 776.356 211.507
-1.34759 1.45977 10.6228 510.106 293.622
-0.212442 1.36732 10.0518 592.22 293.622
-4.06275 1.62925 9.69656 278.692 318.505
-4.09362 1.60682 8.83189 248.832 323.482
-14.9553 -10.935 59.0071 423.014 49.7664
6.3004 -6.2685 38.774 726.59 69.673
-4.36313 0.570062 10.8456 296.11 228.925
-9.54465 -3.88193 29.9365 373.248 89.5795
7.79403 -0.951375 32.2356 788.798 164.229
-4.55394 0.245738 30.5396 497.664 191.601
-4.91824 -6.50424 54.2315 542.454 99.5328
-4.6846 -6.36651 37.7558 512.594 69.673
7.20093 -2.84059 56.3838 701.706 149.299
4.0097 -6.31919 145.523 627.057 144.323
0.766682 1.22363 20.5592 637.01 231.414
-5.83725 0.161014 30.5857 467.804 189.112
-4.65123 0.937323 14.7168 368.271 233.902
-2.2832 -7.69676 108.031 594.709 131.881
-10.772 -1.42669 24.8834 276.204 141.834
1.40468 1.38495 13.869 686.776 263.762
7.51623 -5.85231 31.819 788.3 56.7337
-4.01032 1.48839 14.1182 394.15 271.725
-4.40762 1.46454 11.9929 313.528 298.598
-4.1143 1.42242 9.85231 277.697 307.556
-5.39956 1.18055 11.0524 229.921 268.739
-4.93565 0.261457 32.4932 495.673 191.103
-2.80418 1.42178 11.9142 426.996 277.697
-4.5543 -5.41657 34.3922 513.589 68.6776
4.55457 -9.47735 165.298 627.057 152.285
-10.9578 -1.96271 38.9584 403.108 149.299
2.35944 1.24118 50.1697 644.973 203.047
-13.6617 -0.71689 26.8187 232.907 164.229
-9.84874 -4.30204 41.1157 441.926 116.453
7.288 -2.9066 57.6939 701.706 146.313
-14.8721 -1.93662 32.977 277.697 143.327
-4.71464 0.925277 14.8521 367.276 232.907
-11.5359 -3.28587 27.0831 292.626 95.5515
-0.231624 1.39872 10.2826 594.211 292.626
-0.932895 1.50125 9.16233 528.519 316.514
2.26409 -8.59765 82.17 630.043 110.481
1.38271 1.36301 13.8422 683.79 262.767
4.33621 0.237053 29.4603 716.636 191.103
3.23335 0.49043 14.8227 776.356 212.005
-11.3513 -3.29667 26.563 293.821 96.7459
-10.3828 -4.33149 28.2511 336.819 71.6636
-5.19285 1.12377 10.6596 229.324 268.739
3.23095 0.463641 15.2996 752.468 200.658
-0.860931 1.24544 21.9519 576.892 229.324
2.20657 -5.83371 134.343 619.89 154.077
-9.97337 -4.18266 35.2838 401.316 100.329
-10.5847 -2.88149 34.3993 365.485 121.828
-2.71089 -4.72703 32.9219 548.227 78.83
-13.6753 -0.790132 26.7722 232.907 164.826
5.95797 -0.136066 30.4169 752.468 182.742
5.25199 -1.81399 28.2154 745.302 139.744
7.17803 -3.33702 56.8233 698.72 143.327
-3.98713 1.32263 16.454 444.315 250.823
-4.19322 1.33519 17.2057 422.815 247.24
-7.29537 -4.6121 34.4584 451.481 85.9964
0.540881 1.19563 19.63 627.057 232.907
2.07554 0.907658 44.133 641.39 200.658
-4.54595 0.916109 14.3838 376.234 250.823
0.865769 0.0770988 70.6653 616.307 186.325
-11.3161 -0.673652 28.1289 315.32 168.41
-11.5856 0.0282902 25.9295 279.488 186.325
-11.0519 -1.65923 28.2536 318.903 143.327
-13.1527 -1.72871 29.4368 279.488 143.327
-4.42068 1.48547 11.8934 322.486 283.071
-11.7099 -15.9779 161.282 555.393 114.662
-0.230779 1.39362 10.2451 591.225 293.821
1.33608 1.35479 13.7586 680.805 261.572
3.14792 0.625732 15.627 770.384 211.408
