-0.0241371 1.50564 7.91272 606 339
-4.33803 1.33039 8.95602 227 303
-5.1293 1.2961 10.0417 209 288
3.78969 0.343689 36.4169 685 192
0.776315 1.33598 14.3803 653 258
0.439019 1.38476 14.4719 632 259
-1.29098 1.56302 7.35405 464 355
6.7524 -2.11902 10.8638 1092 34
3.45051 0.370041 12.7984 817 213
0.895409 1.35364 13.188 660 264
3.2544 1.33438 16.0448 761 249
-0.570655 1.49214 8.88058 558 319
-0.0150304 1.48418 9.0582 607 315
-14.0005 -1.81589 30.2058 266 141
3.22175 0.477947 13.325 794.4 213.6
-6.09509 0.965004 8.27958 25.2 273.6
-11.0319 -7.17012 45.5262 430.8 69.6
-5.16659 1.14609 9.95205 201.6 277.2
-5.48829 1.25964 10.0853 181.2 283.2
4.66182 -7.92879 61.1449 664.8 90
-4.01912 1.49443 13.811 386.4 267.6
-4.59204 0.967902 13.9759 357.6 237.6
-0.593342 1.26084 22.2233 588 228
-3.95089 1.4807 16.6877 428.4 252
-4.01163 1.5009 15.2426 408 255.6
-4.19118 1.4217 16.8135 420 249.6
-4.20821 1.41955 16.7881 412.8 250.8
-10.6223 -6.30735 36.5017 392.4 55.2
-14.7522 -0.845446 28.6464 228 163.2
4.69184 -7.26436 162.096 630 152.4
7.37379 -0.614038 17.5052 927.6 159.6
6.83831 -2.15079 11.0267 1092 33.6
3.85118 0.401924 10.0376 909.6 218.4
0.894935 1.39161 13.7442 658.8 262.8
4.85727 0.413955 30.4134 726 196.8
8.2676 -4.29878 65.4487 700.8 136.8
-0.963234 1.47262 10.0072 532.8 300
-0.504182 1.4766 9.24748 565.2 310.8
-4.54389 0.850758 13.6559 354 232.8
-4.41457 -6.14802 35.5796 517.2 58.8
-10.0272 -4.38954 27.3873 338.4 68.4
-4.9136 1.03163 9.91645 220.8 267.6
-5.45097 0.586732 10.0941 186 231.6
-4.39032 0.758791 10.1417 270 243.6
-4.50526 0.450031 10.1782 262.8 220.8
-3.85632 1.57949 8.5509 250.8 332.4
-4.30705 1.56703 7.62236 153.6 351.6
-5.16526 1.03475 8.37802 115.2 284.4
-5.75892 0.571062 14.775 309.6 213.12
-9.72312 -6.08245 41.5566 436.32 77.76
-4.45749 0.445259 10.0703 262.08 221.76
-10.1242 -2.72268 33.0522 383.04 125.28
-10.2598 -1.9419 35.5966 396 146.88
-5.12763 -5.66808 192.053 590.4 164.16
-6.22476 -4.37408 66.5951 540 136.8
2.93084 0.726901 4.55234 1175.04 326.88
4.42965 0.302538 7.82749 1065.6 220.32
0.454486 1.41307 10.605 642.24 289.44
8.3257 -4.21752 29.9538 815.04 82.08
8.23896 -4.28389 65.222 701.28 136.8
-0.862505 1.52938 8.47101 527.04 331.2
-0.994193 1.48414 10.1817 534.24 300.96
-0.0024132 1.46166 8.99715 609.12 315.36
-4.04858 1.47618 16.9017 427.68 252
-3.92314 1.46595 13.0447 378.72 272.16
-9.83845 -10.9605 61.9341 491.04 56.16
-14.7753 -14.2984 68.8834 453.6 34.56
-4.93373 1.01915 9.92921 220.32 266.4
-5.48135 0.574402 10.1243 185.76 231.84
-4.44797 0.752044 10.2419 270.72 244.8
-4.06373 1.63916 8.87393 244.8 332.64
-4.41538 1.33759 9.0896 226.08 302.4
-4.02176 1.62717 8.80905 250.56 332.64
-4.59559 1.56048 11.9611 312.48 286.56
-6.34141 0.781184 9.55286 89.28 252
-4.99525 1.32402 7.22228 51.84 334.08
-5.17012 1.01946 8.34823 115.2 285.12
-16.0036 -4.37102 28.2526 190.08 70.56
-12.2156 -3.42359 28.2182 288 93.6
-14.2144 -3.82903 30.8524 273.6 93.6
-13.7737 -1.79185 29.806 266.4 141.12
6.93166 -0.940486 11.2275 1087.2 120.96
3.11571 0.49832 5.61612 1074.24 260.64
-0.865139 1.53405 8.49688 528.768 331.776
-5.18831 1.1617 9.96718 200.448 278.208
-5.50176 1.24867 10.11 183.168 285.12
7.3953 -1.75542 17.9717 919.296 114.048
-4.61995 0.246996 30.6959 497.664 191.808
3.61518 1.19853 31.0092 696.384 214.272
-5.21037 -5.21628 185.487 589.248 165.888
-16.7035 -12.262 65.1894 423.36 48.384
-10.4043 -0.579388 25.6848 307.584 167.616
-10.156 -1.88799 36.4682 404.352 146.88
-7.52443 -3.98318 60.6437 518.4 138.24
-4.59686 1.25994 8.17551 158.976 311.04
-7.37232 -2.644 53.9718 509.76 148.608
3.13154 0.502111 5.65884 1073.09 260.928
2.94866 0.726518 4.58993 1173.31 326.592
1.41701 1.39885 12.7636 694.656 271.296
7.544 -0.792985 29.6654 800.064 158.976
1.57586 -6.21381 63.6159 627.264 114.048
7.66818 -2.94138 60.0423 701.568 150.336
7.87299 -4.0069 62.3249 701.568 139.968
-0.689502 1.30167 21.371 585.792 233.28
-0.9715 1.45718 10.0931 533.952 300.672
-0.0150007 1.46867 9.04029 608.256 316.224
-4.61301 0.960127 13.8637 354.24 238.464
-5.06155 0.214971 26.716 468.288 191.808
-2.87764 1.541 12.9133 438.912 278.208
-4.38268 -6.05446 35.3225 516.672 58.752
-8.64761 -5.42879 36.7414 435.456 77.76
-5.36567 0.576066 9.91063 184.896 231.552
-3.88997 1.58837 8.599 248.832 333.504
-4.42905 1.33287 9.14392 224.64 304.128
-4.61706 1.56777 12.017 311.04 288.576
-6.42781 0.790172 9.66278 88.128 252.288
-5.24268 1.03145 8.44643 115.776 285.12
-16.303 -4.45281 28.7813 190.08 70.848
-11.6349 -3.32492 26.7905 286.848 95.04
-14.9358 -0.441769 28.3146 217.728 174.528
-10.1809 -1.58642 16.4762 143.078 111.974
-9.41412 -4.08321 41.2161 441.677 114.048
-4.19609 -0.659345 90.8746 574.387 180.403
-6.42442 0.79141 9.67792 87.0912 250.906
-4.78132 1.3632 7.66876 105.754 329.702
-5.3744 1.41881 7.73934 51.84 333.85
-6.0918 1.12065 9.17685 85.0176 282.01
-15.299 -4.15817 26.8768 188.698 70.5024
1.39669 1.37857 12.7402 692.583 269.568
-9.15709 0.137689 14.5894 130.637 192.845
-0.027653 1.47274 9.06533 607.565 315.187
-0.630112 1.53432 9.20784 553.651 317.261
-4.68836 1.42315 11.654 300.672 279.936
-2.78324 1.49169 12.6475 437.53 277.862
8.65432 -4.27545 31.2927 814.925 82.944
4.51152 0.203998 30.6514 717.466 190.771
-1.35757 1.50253 9.83839 499.738 304.819
6.65187 -6.50798 39.9119 731.981 68.4288
-3.96786 1.61746 8.69099 248.832 331.776
-4.43334 1.35186 9.10052 223.949 302.746
-5.17157 1.15795 9.93502 203.213 282.01
-10.0656 -4.13533 30.8963 367.027 87.0912
2.55915 0.541231 49.981 644.89 192.845
-4.00467 1.46937 15.1361 412.646 252.979
7.58098 -0.687506 30.4777 794.189 161.741
-15.8011 -0.550701 29.9549 217.728 172.109
-11.3759 -2.09823 39.4688 396.058 147.226
-8.9442 -5.63454 37.7783 435.456 76.7232
-13.5009 -13.1504 63.3528 447.898 39.3984
-6.78584 -8.83852 73.6945 541.21 97.4592
-11.025 -11.9148 63.8154 483.149 49.7664
-4.92603 0.901444 14.1535 344.218 234.317
-13.1639 -0.16858 28.746 271.642 180.403
-13.0575 -1.73799 28.2561 267.494 141.005
-1.80852 -7.15793 98.5436 593.05 132.71
-8.38811 -11.5672 120.134 547.43 114.048
-10.1298 -1.87377 36.1936 402.278 147.226
-5.21789 1.0406 8.42536 116.122 284.083
3.12984 0.49397 5.65577 1072.05 261.274
-12.8703 -0.204538 28.1905 273.715 181.647
3.56554 0.584912 9.82762 898.284 233.902
4.91646 0.283785 14.7995 851.006 196.577
-5.44511 1.21878 9.98042 181.647 288.645
3.33692 0.526652 6.02996 1072.47 261.274
4.51558 -0.368696 7.97933 1069.98 141.834
-4.68762 1.58599 12.1566 308.552 288.645
-6.59024 0.82392 9.90695 87.0912 251.32
-16.6638 -4.5402 29.3461 189.112 69.673
-0.0150664 1.50037 9.07988 609.638 316.017
-5.70445 0.777027 10.1958 171.694 246.344
-9.49957 0.163531 15.1016 131.881 191.601
-2.16114 1.50269 11.1611 457.851 288.645
-2.94138 1.51944 13.0365 435.456 276.204
-4.02676 1.52716 12.7973 378.225 271.227
-1.37369 1.50652 9.95523 497.664 301.087
-1.0052 1.50057 10.2944 534.989 298.598
-3.69016 0.17656 45.5846 549.919 189.112
-10.2595 -1.59151 16.529 141.834 111.974
7.61223 -5.79901 30.6033 796.263 47.2781
-10.9838 -4.47438 33.4294 368.271 87.0912
-9.83236 -4.03952 30.1805 358.318 84.6029
-4.39781 1.38929 9.2657 223.949 303.575
-5.37493 1.15927 10.1895 196.577 276.204
-6.65102 -8.79579 73.3382 542.454 97.0445
-4.80164 0.25205 31.324 495.176 191.601
-3.8578 1.34945 16.7877 440.433 248.832
-5.64666 0.152423 28.9539 465.316 189.112
-4.50187 0.5047 10.1387 261.274 221.461
-4.71242 0.957116 14.1035 353.341 236.39
-6.13489 -6.44565 218.399 589.732 164.229
-2.20647 -9.06747 120.227 594.709 131.881
-6.42194 -3.40389 52.9453 520.059 139.346
1.41894 1.41853 12.9432 694.241 268.739
6.99054 -0.977393 9.46707 1191.91 102.021
3.03586 1.15509 10.814 827.118 256.795
2.97516 0.454438 12.6695 785.314 214.991
-5.02835 1.53842 12.4561 304.57 280.683
4.52656 0.240637 29.9056 722.608 191.103
6.70122 -9.78979 75.4964 671.846 92.5655
2.55041 -8.67972 84.0721 630.043 110.481
-0.904268 1.51344 9.82038 540.463 316.514
-1.33833 1.48418 9.89857 504.631 304.57
-3.83931 1.54486 12.9456 382.206 277.697
-4.44352 1.41261 9.33464 232.907 304.57
-5.22442 1.16048 9.95673 197.075 280.683
6.4874 -6.34589 39.2527 731.566 68.6776
2.93298 -4.91846 106.446 627.057 152.285
-4.43651 -5.52089 33.8583 513.589 62.7057
-4.62103 -5.4692 33.8299 504.631 59.7197
-10.0231 -1.55484 16.1481 140.341 113.467
0.834481 1.28178 20.1251 641.987 232.907
2.61112 0.938817 32.4704 665.875 206.033
-4.03637 1.30233 15.9258 426.996 253.809
-9.61177 -4.11897 26.1532 337.416 68.6776
-10.1088 -1.7929 35.5879 397.136 146.313
-13.1979 0.0713268 18.4153 65.6917 185.131
7.51446 -0.881738 29.8761 794.272 161.243
-4.54163 0.907296 13.6491 352.346 235.893
-6.6423 -3.30127 37.5403 477.758 122.425
-5.36862 1.20473 9.86538 185.131 283.669
-9.12933 0.117038 14.5452 131.383 188.117
-0.196614 1.39487 9.30292 594.211 304.57
1.41666 1.39828 12.9224 692.748 268.739
3.05646 1.18394 10.9416 827.118 271.725
4.64897 0.285422 13.8781 851.006 197.075
3.02859 0.465695 5.41832 1071.97 262.767
-4.55025 1.52303 11.674 304.57 290.238
-4.68911 1.42338 11.6559 304.57 279.488
-2.68381 -4.86117 32.593 548.227 75.2468
-2.85861 1.44805 11.3411 401.316 290.238
2.17017 -5.73746 132.126 623.474 154.077
-10.379 -1.97397 36.1844 397.733 146.91
7.4897 -2.89151 57.3945 705.887 157.66
5.74725 -1.92743 29.9799 752.468 136.161
7.96348 -3.3291 61.0251 702.304 143.327
-7.33657 -3.59107 40.1999 476.563 121.828
-10.3471 -6.50272 43.1963 433.565 75.2468
-10.5337 -4.34053 29.1023 365.485 85.9964
-3.64448 1.44679 16.0538 440.731 247.24
7.79106 -1.04347 30.9758 791.883 161.243
0.809687 1.25876 20.205 641.39 232.907
2.43736 1.17767 47.6024 644.973 200.658
-4.59514 0.895032 13.7525 351.152 236.49
0.959727 0.085466 78.3344 616.307 186.325
-2.31046 -8.16379 102.57 591.225 128.995
-10.0884 -0.594395 24.8195 304.57 168.41
-11.9579 0.0285765 26.1919 268.739 186.325
-12.9237 -1.65232 28.1359 268.739 139.744
-12.9885 -3.71762 29.6227 283.071 93.1627
-5.30333 1.16087 10.0804 182.742 283.071
-5.76916 1.04588 8.76428 85.9964 283.071
-5.16371 1.13632 9.86718 197.075 279.488
-4.25919 0.597341 9.80722 265.155 236.49
-11.3605 -16.1188 162.704 555.393 111.079
-0.179715 1.45464 9.7924 591.225 304.57
2.41764 -7.97311 76.2011 630.64 107.495
5.33236 0.176778 16.3249 849.214 197.075
2.96766 0.470873 12.6376 784.717 214.991
