3.49635 0.30486 32.3026 688 192
3.61589 -7.36703 60.7211 651 96
-14.7592 -0.385426 27.1215 205 174
-10.8643 -7.16604 44.3258 429 66
-12.1603 -13.347 70.9578 484 48
4.24947 1.26546 26.1521 728 221
-16.8378 -12.9257 59.8633 404 28
3.43286 0.671295 61.992 649 193
4.17209 -5.75053 28.0799 718 33
-14.5858 -4.50476 26.0697 194 57
-13.495 -1.74884 28.4325 257 139
-4.01537 1.49651 16.1082 420 255.6
-4.14252 1.41153 15.9081 411.6 253.2
10.1012 -1.81382 28.8368 867.6 138
-3.80297 1.56279 7.65354 212.4 349.2
-5.46833 1.25464 9.2234 142.8 294
5.71203 -1.9149 27.9695 762 136.8
-3.51669 -7.82891 83.7283 576 116.4
-10.5466 -1.95836 35.8984 392.4 144
-12.4858 -12.654 59.7599 456 31.2
4.53522 -6.60496 142.945 631.2 151.2
-5.41708 -3.9584 80.8025 560.4 148.8
0.930053 1.38757 12.6607 663.6 268.8
7.06557 -5.13831 26.343 807.6 40.8
3.18639 -7.16112 59.0239 645.6 94.8
8.09808 -4.29442 62.7253 703.2 135.6
-4.19128 -5.93104 33.78 516 55.2
-4.40931 0.444316 9.18228 230.4 224.4
-4.96881 1.28258 8.97018 171.6 297.6
-5.32161 0.578467 9.08248 146.4 236.4
3.90318 -5.18422 74.214 646.56 133.92
3.90366 -7.37794 128.681 629.28 142.56
3.23515 -4.88839 50.7695 655.2 115.2
-5.15101 1.16393 9.11595 164.16 286.56
4.25913 -6.20287 134.243 630.72 151.2
-3.50802 1.53062 12.5341 394.56 279.36
-10.8143 -2.00808 36.8097 393.12 144
-10.0599 -2.70197 32.2562 378.72 123.84
-10.275 -0.558755 24.7701 300.96 168.48
-10.77 -0.595815 24.8788 288 167.04
-9.62263 -0.638426 34.7266 403.2 172.8
3.80496 0.41332 9.0628 941.76 221.76
8.14323 -4.04466 28.1694 822.24 79.2
7.34411 -5.40701 27.5243 806.4 40.32
9.37794 -4.85483 27.6505 859.68 54.72
10.0221 -1.83942 28.6111 868.32 138.24
7.77838 -4.08091 59.6067 704.16 135.36
-0.503761 1.22796 18.8681 587.52 234.72
-0.564207 1.25772 21.132 588.96 228.96
-3.93971 0.329565 49.5182 550.08 188.64
-0.947154 1.44586 9.05495 527.04 312.48
-0.556632 1.51381 8.13407 552.96 334.08
-3.98928 1.39759 14.3967 404.64 257.76
-4.17321 -5.88625 33.2614 516.96 54.72
-2.78255 -5.15322 36.2412 552.96 80.64
-10.2968 -4.46357 36.79 403.2 96.48
-4.33706 0.743236 9.24611 239.04 250.56
-4.35081 1.34789 8.22636 187.2 315.36
-4.56067 1.5571 11.1062 290.88 295.2
-5.3148 0.576358 9.04936 145.44 237.6
-14.8075 -4.08937 25.5145 178.56 67.68
-13.2971 -1.72319 28.0155 257.76 139.68
9.0307 -1.06254 25.2788 872.64 153.792
-5.43 1.27732 9.20191 141.696 293.76
-5.18003 1.18034 9.14479 162.432 288.576
-10.6641 -0.64926 25.6221 300.672 167.616
-3.40365 1.50199 12.1611 393.984 279.936
-3.96514 1.50141 12.4365 364.608 279.936
-9.65547 -2.13127 38.0964 421.632 143.424
-9.97631 -1.9254 35.2942 399.168 145.152
-14.2251 -10.5971 55.5167 421.632 46.656
-3.70012 -4.5659 154.707 589.248 164.16
-4.57401 0.240102 29.8391 495.936 191.808
-6.92805 -2.62577 50.7193 508.032 146.88
-7.38665 -3.91024 59.5332 518.4 138.24
0.908877 1.37357 12.8594 661.824 269.568
9.64437 -1.66994 28.4361 860.544 141.696
7.39271 -6.54499 48.3966 718.848 86.4
1.683 -6.05113 61.0805 627.264 112.32
7.79785 -2.92735 59.7559 705.024 148.608
-0.606048 1.30491 19.6307 585.792 235.008
-4.0296 0.331292 49.7777 549.504 190.08
-0.922554 1.44679 9.06077 527.04 312.768
0.00910977 1.476 8.11285 611.712 331.776
-10.157 0.107451 27.7418 336.96 190.08
-4.00368 1.48387 15.9722 418.176 255.744
-2.73218 1.49831 11.6083 426.816 285.12
-1.70076 -6.98924 92.6716 596.16 131.328
-9.87714 -4.11757 28.9578 355.968 81.216
-10.3988 -6.60457 34.1034 383.616 43.2
-8.67127 -5.48135 36.4115 432 74.304
-4.45829 0.462167 9.28428 229.824 226.368
-4.42201 1.35475 8.33905 186.624 316.224
-4.51888 1.56813 10.9673 290.304 295.488
-5.4047 0.584723 9.18069 145.152 236.736
-5.26733 1.06787 7.69302 60.48 297.216
-14.2224 -3.92778 24.5063 177.984 67.392
-14.5133 -0.850291 27.5137 216 162.432
-15.3176 -1.57261 26.7786 186.624 141.696
-9.40006 -1.93528 40.6594 435.456 155.52
-3.11702 -5.65561 37.2251 549.504 70.5024
-5.13258 1.03222 7.51148 58.0608 296.525
1.42247 1.40571 11.7796 700.877 275.789
-12.0075 -3.37264 26.8738 277.862 91.2384
-11.9405 -4.44051 27.2326 275.789 66.3552
-2.69992 1.45605 11.4038 427.162 284.083
-4.36499 1.35308 8.18856 184.55 315.187
-4.92803 1.03823 9.12573 182.477 273.715
0.0204288 1.46711 8.12609 609.638 329.702
-10.5036 -1.67933 16.2661 120.269 109.901
-14.6974 -4.0396 25.204 178.33 66.3552
1.95299 -7.52917 67.4729 630.375 103.68
-0.93774 1.45079 9.08579 526.694 311.04
-1.33372 1.46428 8.86149 491.443 317.261
8.25653 -4.14079 28.8389 821.146 78.7968
7.24213 -5.37829 27.5734 804.557 41.472
4.1143 0.17926 26.9344 721.613 190.771
7.45763 -6.67039 48.8216 719.539 85.0176
6.0685 -5.74541 35.2353 734.055 64.2816
-5.10451 1.22228 9.07835 163.814 286.157
-2.66812 1.54455 9.34728 379.469 308.966
-4.11365 1.533 12.8463 362.88 277.862
-14.8066 -0.425601 27.2783 207.36 172.109
4.68483 -3.61184 43.8464 686.362 124.416
-10.0174 -4.09616 29.9805 362.88 82.944
-11.0813 -6.95577 36.1768 383.616 43.5456
7.96069 -1.75286 28.4979 814.925 138.931
-4.09862 1.51068 16.2607 418.867 255.053
-5.1637 0.214583 26.6677 464.486 190.771
1.57443 1.1925 19.5787 667.699 230.17
0.842042 1.26501 19.0305 640.742 234.317
-8.87412 -5.577 37.0469 433.382 74.6496
9.9238 -1.85343 28.2183 866.765 141.005
-6.08149 -8.10485 66.0451 539.136 95.3856
-4.48741 0.829172 12.7405 337.997 240.538
-11.6488 -2.10787 39.65 391.91 145.152
-10.1975 -1.83474 30.5194 360.806 141.005
-1.92264 -7.20889 97.3802 595.123 130.637
-10.2239 -0.620384 24.4825 298.598 165.888
-13.1782 -1.7128 27.8465 257.126 138.931
1.43316 1.41587 12.1479 701.706 276.204
-0.509055 1.50552 8.67297 559.872 323.482
-4.40312 1.33843 8.2386 184.136 316.017
0.956485 1.34715 12.7785 666.87 268.739
-0.638841 1.28866 19.8007 584.755 233.902
-4.35485 -0.684291 94.3128 574.802 191.601
-2.43827 1.53271 9.51593 405.596 313.528
-2.22105 1.51997 10.6304 447.898 298.598
-13.9521 -3.8773 23.9831 176.671 67.1846
-18.2699 -4.41793 28.0514 126.904 67.1846
3.1371 1.33255 15.2572 766.403 251.32
3.0822 0.750082 12.6028 801.239 216.484
-13.1103 -3.72918 29.0704 278.692 89.5795
-11.3082 -4.05639 25.3087 276.204 67.1846
-0.900034 1.38688 8.8396 527.524 311.04
4.37024 0.232327 28.8729 721.613 191.601
-4.42671 1.52075 10.6358 288.645 296.11
8.14495 -4.06507 28.3116 823.634 79.6263
7.09025 -5.19039 26.9951 801.239 47.2781
-5.29107 1.16818 9.24996 161.741 286.157
2.72946 0.503093 53.3071 644.475 191.601
-4.46294 0.461313 9.26712 228.925 223.949
-5.59763 0.148975 28.2988 462.828 189.112
-12.8414 -0.709122 24.0273 223.949 159.253
-15.7511 -0.533484 29.0184 201.554 184.136
-14.4695 -1.838 25.7979 194.089 131.881
-5.48729 -7.42514 60.5063 539.966 94.5562
-4.52038 -4.47493 33.4335 510.106 87.0912
-9.68904 -3.97845 29.1189 360.806 82.1146
-4.81679 0.248338 30.8627 495.176 191.601
-4.59515 0.957974 13.0464 338.412 241.367
-4.66771 -0.392042 66.8505 557.384 181.647
-1.9301 -7.93172 105.168 594.709 131.881
-10.0407 -1.87002 35.1759 393.155 144.323
-19.1051 -0.81007 30.3046 141.834 166.717
-6.28441 -3.33099 51.8115 517.571 136.858
-4.94685 1.54649 11.7287 283.669 289.641
-14.3271 -3.90364 24.5689 176.173 65.6917
7.67682 -6.81227 49.3575 722.608 83.6076
5.65272 -5.35177 32.8211 734.552 65.6917
-3.04304 1.52399 9.46182 358.318 313.528
-4.61951 1.45854 13.6548 352.346 265.753
-10.7165 -1.99939 36.6504 394.15 146.313
6.28927 -0.706091 41.5513 719.622 173.187
9.13112 -4.4986 69.9729 707.678 146.313
-4.2972 0.592706 9.10712 238.879 238.879
-12.7508 -0.197816 27.2641 265.753 188.117
0.913675 1.26439 19.4278 641.987 235.893
2.53552 0.911633 31.5302 668.861 206.033
-5.06593 1.1706 8.87796 161.243 286.655
-5.29434 1.22622 9.01452 143.327 292.626
-9.83275 -4.25586 35.4849 394.15 95.5515
-15.107 -0.0463551 27.4103 203.047 185.131
-14.2776 -1.80912 25.3926 194.089 131.383
-4.7823 0.955438 13.5243 337.416 238.879
-9.44677 0.362068 29.6295 373.248 194.089
7.95131 -1.03627 30.7623 803.23 158.257
7.91654 -1.02622 30.4638 791.286 152.285
-12.6574 -0.159668 27.2264 265.753 179.159
-11.9922 -3.40567 26.8396 277.697 89.5795
-8.97178 0.127553 13.5153 101.523 191.103
-4.4328 1.4034 8.49308 194.089 316.514
-2.98549 1.57402 12.4636 424.01 283.669
-0.149797 1.34873 8.16222 594.211 316.514
2.23703 -7.37749 70.5086 633.029 107.495
1.42809 1.3619 11.8261 701.706 274.711
3.12592 1.31021 12.4281 803.23 265.753
-5.05287 1.15526 8.85507 161.243 286.655
6.31707 -6.18043 37.9031 730.969 68.0805
-4.42268 1.52849 10.486 283.071 297.404
-9.44815 -4.21818 38.7679 429.982 107.495
-8.87463 -5.61518 36.6237 429.982 71.6636
-2.67127 -4.97385 32.4408 548.227 71.6636
5.50221 -10.8656 250.221 623.474 154.077
-9.98835 -2.81082 31.4654 354.735 118.245
-3.7821 1.39763 16.2614 408.483 250.823
0.909922 1.2592 19.348 644.973 236.49
2.17403 0.873241 42.4595 641.39 197.075
-12.0598 0.0998776 25.7866 257.989 186.325
-13.2988 -1.77279 28.1844 261.572 139.744
-9.41087 0.357571 29.2616 369.068 193.492
-4.85287 0.946722 13.6701 336.819 240.073
-4.28193 0.819981 9.85958 268.739 247.24
7.85293 -1.03459 30.7122 799.049 157.66
-14.7097 -1.9224 25.9685 189.909 132.578
-10.3539 -0.587909 24.5486 293.821 164.826
-10.9552 -1.70936 26.588 300.987 139.744
-13.3628 -3.80102 29.6303 275.905 89.5795
-4.45563 0.661253 9.3601 236.49 243.656
-10.6662 -1.98999 36.4781 394.15 146.91
2.11093 -7.2393 66.5341 630.64 107.495
8.15145 -4.02935 28.0628 824.132 78.83
1.37549 1.34268 11.6591 698.72 275.905
