-4.05448 1.57147 7.39381 170 353
-4.05895 1.43034 14.9483 403 255
-13.6617 -1.80296 28.0439 248 135
-10.2549 -6.86082 41.3699 427 62
-4.01309 1.51492 12.2658 357 278
-11.3322 -12.6221 66.1256 484 44
-4.46327 1.1949 12.6719 338 256
-0.935779 1.49113 8.38841 519 325
-14.8119 -0.41305 26.4739 194 171
7.10731 0.519085 12.5283 1045 217
4.49141 -0.253414 6.23529 1206 154
6.22826 -2.33233 11.0875 1042 28
3.14623 0.585813 54.098 650 191
1.47608 1.39443 11.6851 709 277
4.27351 -5.87051 27.7242 724 27
-2.04852 1.33953 18.595 525 238
-0.530681 1.49433 7.17171 550 352
-4.76696 1.56512 10.6357 260 298
-5.34204 1.31547 8.1672 88 311
-14.5202 -4.50569 25.2617 183 50
-12.6866 -12.9403 60.3194 456 26.4
-4.48816 1.24686 12.8441 340.8 256.8
-4.43075 0.952323 12.0559 325.2 243.6
-10.109 -1.93616 33.7692 388.8 141.6
-9.86188 -2.64558 31.067 375.6 121.2
-2.64542 1.53637 8.44464 356.4 339.6
9.99363 -1.81618 27.6512 877.2 136.8
-9.60491 -6.37204 38.7476 427.2 62.4
3.86229 -5.55088 116.621 633.6 150
-0.966206 -25.2855 582.291 608.4 153.6
4.00917 -0.126988 6.42149 1122 169.2
7.03143 -2.01865 12.4864 1042.8 68.4
0.829685 1.23374 18.1797 643.2 234
0.956044 1.4022 11.8888 669.6 274.8
0.392713 1.35802 11.3799 634.8 278.4
1.45985 1.41331 11.069 711.6 284.4
-0.261069 1.4241 10.9157 590.4 285.6
-3.90277 1.4837 15.0679 411.6 258
-2.61838 1.48093 10.5629 416.4 291.6
-4.44688 0.470281 8.49742 193.2 226.8
-4.72134 0.889433 12.113 309.6 240
-3.91211 1.58748 7.72185 204 348
-6.35913 0.376253 8.50961 22.8 220.8
-5.31075 0.584793 8.2778 99.6 240
-5.45432 1.27548 8.42848 93.6 302.4
-13.4785 -1.77879 27.6679 249.12 135.36
-10.1216 -2.74757 31.7461 374.4 120.96
7.51873 -0.670281 14.0823 1015.2 148.32
-11.3255 -12.5131 65.5545 480.96 43.2
-10.3176 -4.50795 36.3228 400.32 92.16
-4.52057 1.18304 12.7341 341.28 250.56
-4.52892 1.18523 12.7576 336.96 254.88
4.61393 -6.92189 145.426 632.16 149.76
-2.943 1.52217 9.87704 375.84 305.28
-3.96214 1.47884 12.1101 358.56 277.92
-9.96082 -2.08557 42.5725 437.76 148.32
-10.5268 -0.600742 23.7074 277.92 164.16
4.14348 0.324475 5.71913 1209.6 234.72
3.98469 -0.126213 6.38229 1121.76 169.92
3.10591 0.728986 11.7013 813.6 233.28
0.753804 1.27464 17.0363 643.68 234.72
4.83606 0.382187 28.0794 735.84 194.4
1.21723 1.41271 10.8284 692.64 285.12
1.47874 1.4028 10.8683 711.36 283.68
7.30244 -5.33396 26.4045 815.04 34.56
9.34085 -4.86748 26.6661 869.76 50.4
7.77658 -4.07596 58.3489 707.04 133.92
-0.5293 1.17991 19.8246 587.52 234.72
-0.942654 1.47197 8.34597 519.84 324
-1.54997 1.37861 10.7973 502.56 285.12
0.0592789 1.47794 7.33798 610.56 345.6
-0.278341 1.41955 10.9981 588.96 285.12
-0.771 1.39152 11.2667 555.84 279.36
-2.96782 1.24246 14.6938 450.72 244.8
-4.09268 1.41402 14.9957 401.76 254.88
-2.63105 1.46511 10.5548 416.16 290.88
-3.14811 -5.76498 34.1886 541.44 60.48
-2.81062 -5.35796 36.6067 552.96 76.32
-9.90952 -6.01446 32.9498 387.36 48.96
-14.104 -14.0152 65.3301 452.16 27.36
-4.24737 0.811229 9.00152 237.6 256.32
-4.26578 0.743023 8.37395 203.04 254.88
-4.48665 0.461333 8.55068 192.96 227.52
-4.6367 0.860009 11.9384 309.6 240.48
-3.21729 1.5507 8.6558 315.36 325.44
-4.94834 1.54035 10.7729 260.64 298.08
-5.42683 1.26905 8.386 93.6 302.4
-4.36389 1.35894 7.41273 138.24 329.76
-5.03901 1.1459 8.17325 118.08 296.64
-10.0165 -0.561345 23.4394 290.88 164.16
-15.3621 -3.28016 25.8504 168.48 89.28
-15.3852 -4.23765 25.7687 168.48 60.48
-9.50842 -0.563823 22.2505 290.304 164.16
-3.96458 -4.01005 31.9528 516.672 89.856
-13.5763 -10.1509 52.4154 419.904 41.472
-4.7046 1.0244 25.5833 471.744 216
-4.39908 0.226803 28.1864 494.208 190.08
-15.7853 -0.521284 28.3548 195.264 171.072
-15.1257 -0.897647 27.795 200.448 165.888
2.79742 -5.84195 295.414 615.168 171.072
-6.74987 -3.57315 54.401 518.4 134.784
4.45456 -0.251821 6.19609 1206.14 157.248
7.49092 -0.669546 14.0669 1014.34 148.608
0.932664 1.38351 12.0137 667.008 274.752
1.49076 1.39188 11.8013 710.208 283.392
8.52678 -2.65314 28.8032 829.44 115.776
9.53603 -1.16013 25.8869 881.28 152.064
6.19991 -8.61455 65.7281 677.376 88.128
7.49737 -6.71307 48.6388 722.304 82.944
3.46098 -5.08323 52.0412 667.008 112.32
7.32005 -2.78528 53.8003 706.752 146.88
-2.32521 1.33502 18.5324 516.672 238.464
-2.10617 1.24094 17.5657 508.032 238.464
-0.499662 1.20715 17.7878 587.52 235.008
-0.943352 1.49143 8.45629 520.128 324.864
-1.55231 1.39574 10.8136 495.936 285.12
-0.315612 1.36689 10.7055 585.792 285.12
-4.53997 0.947852 12.2144 324.864 243.648
-2.62797 1.54477 8.42638 361.152 330.048
-3.11848 1.54932 8.78449 330.048 324.864
-2.03402 1.46302 9.24294 435.456 309.312
-2.66346 1.47493 10.6255 414.72 292.032
-12.0252 -13.1801 69.0488 480.384 43.2
-1.5284 -7.40327 98.1613 597.888 129.6
-10.4994 -4.59607 27.0334 324.864 58.752
-10.4005 0.183482 27.5688 330.048 186.624
-10.0578 -1.93536 33.7553 388.8 141.696
-4.2289 0.810089 8.98886 238.464 255.744
-4.5015 0.485442 8.55631 193.536 228.096
-4.22932 0.976544 8.27977 203.904 278.208
-4.07529 1.5295 10.4929 307.584 297.216
-4.49629 1.55622 10.19 264.384 302.4
-5.17336 0.191598 9.31606 172.8 200.448
-5.4252 1.25431 8.3655 95.04 304.128
-4.35868 1.34626 7.45674 141.696 331.776
-5.08214 1.1557 8.2432 117.504 297.216
-12.1596 -4.36662 26.5529 269.568 60.48
-14.6877 -1.54187 25.0676 176.256 138.24
-10.389 -1.5677 15.3922 96.768 105.408
-14.6417 -4.0235 24.4665 167.616 60.48
-10.2311 -2.06662 38.8741 418.867 141.005
-9.50889 -3.29931 37.5181 412.646 114.048
-9.2673 -0.39758 39.6084 435.456 176.256
-5.13419 0.190625 9.26873 172.109 199.066
-3.97172 1.60862 8.39257 234.317 333.85
-4.23872 0.990258 8.29817 203.213 277.862
1.44476 1.36304 11.6947 709.171 282.01
-2.78832 -5.52059 34.4441 547.43 68.4288
-9.7664 -4.25547 25.2366 323.482 58.0608
-5.41871 0.771334 8.18004 80.8704 257.126
-0.329571 1.37788 10.6753 586.829 284.083
-0.758859 1.38503 11.0892 555.725 279.936
-0.915713 1.43632 8.20854 520.474 323.482
-1.29771 1.47185 8.02862 481.075 331.776
-1.50858 1.44085 11.0441 497.664 284.083
-5.4127 1.25411 8.36416 95.3856 302.746
-14.169 -3.93569 23.7317 165.888 60.1344
2.16531 -7.80555 68.2481 632.448 101.606
3.13286 0.474119 11.443 812.851 209.434
-2.10573 1.48255 9.44934 433.382 306.893
0.163781 1.45766 7.95121 624.154 331.776
0.889412 1.38492 11.8824 665.626 273.715
-0.570893 1.28066 18.492 584.755 234.317
-4.10245 1.57606 9.53798 273.715 313.114
-4.49546 1.55593 10.1881 263.347 302.746
8.24309 -4.13358 27.7147 829.44 74.6496
4.32289 0.181728 27.3052 723.687 190.771
-5.05076 1.1661 8.1555 118.195 294.451
7.06796 -6.70626 39.4453 740.275 62.208
-14.3601 -1.93614 29.4777 248.832 134.784
-4.57567 0.927762 12.1737 321.408 242.611
0.830561 1.20973 18.1989 642.816 234.317
4.78477 0.0313228 28.7091 731.981 186.624
-10.4062 -1.56384 15.3543 97.4592 105.754
-3.99792 1.4904 15.3528 410.573 257.126
4.24938 -8.42108 140.077 630.375 149.299
-4.48493 0.461156 8.5474 192.845 226.022
7.4728 -0.59607 14.181 1009.84 153.446
7.70086 -0.901455 14.0216 1030.58 132.71
-10.3291 -4.26836 29.4422 356.659 78.7968
-2.31753 1.35631 18.4712 512.179 242.611
-11.4227 -2.0432 33.2182 356.659 136.858
-2.34387 1.52362 8.3746 385.69 327.629
-3.06733 1.53594 8.70864 329.702 323.482
-4.1145 1.5402 12.0629 348.365 282.01
-6.67081 -8.82515 70.3205 539.136 91.2384
-1.36141 -6.16522 80.2654 597.197 128.563
-9.91459 -0.648237 23.0509 290.304 163.814
1.45944 1.39752 11.0659 711.66 283.669
-0.311099 1.34735 10.5524 587.244 283.669
-4.36594 0.990803 8.50093 204.042 276.204
-4.54887 0.57725 8.17103 166.717 238.879
-2.04787 1.44181 9.18971 432.968 308.552
-2.77507 1.52825 11.0097 413.061 291.133
-11.7482 -3.35219 25.5768 268.739 87.0912
-13.0693 -4.66494 28.367 273.715 57.2314
-0.935467 1.47897 8.38561 520.059 323.482
-1.3002 1.49876 8.11386 485.222 323.482
-1.602 1.45593 11.1597 497.664 283.669
-5.23697 1.21864 8.12756 94.5562 303.575
-5.20421 1.17513 8.21866 104.509 296.11
1.70678 -6.30896 61.9435 632.033 104.509
-14.5788 -3.99692 24.3048 164.229 59.7197
-0.592339 1.24594 18.3594 584.755 233.902
8.18637 -4.02916 27.2689 831.099 74.6496
-4.51005 1.53707 10.1571 263.762 301.087
0.890897 1.40639 12.3617 656.917 271.227
3.09197 0.491128 11.4685 816.169 216.484
-4.01252 1.48003 15.246 410.573 256.297
-4.96879 1.12738 8.0412 116.951 296.11
6.57461 -6.28471 37.2707 739.031 62.208
-10.1877 -1.59375 15.032 97.0445 102.021
-11.2511 -1.69739 16.0095 74.6496 102.021
4.74821 -3.68831 43.3118 689.265 121.928
0.864225 1.27265 18.3764 644.475 233.902
7.53503 -0.655558 16.1301 975.422 154.276
-4.1723 0.77229 8.84242 236.39 251.32
-2.29054 1.52286 8.70311 400.62 320.993
-2.93243 1.53259 9.19747 360.806 313.528
-3.88887 1.4997 11.4952 348.365 283.669
-14.692 -1.92776 25.5605 184.136 126.904
7.50038 -0.580002 14.271 1012.75 154.276
-5.68856 -7.6091 59.966 539.966 89.5795
-11.2976 -2.10156 37.5654 390.666 141.834
-10.0808 -4.2436 29.555 358.318 79.6263
-10.313 -6.54202 33.0679 388.178 47.2781
-11.4408 -4.77712 33.2707 350.853 74.6496
-4.64618 1.11391 13.6217 338.412 251.32
-1.92208 -7.89876 104.731 597.197 129.393
-5.11044 -3.84037 76.2286 559.872 149.299
-7.08122 -3.86402 56.4388 517.571 134.369
-9.74163 -1.72531 36.2479 413.061 149.299
-14.8631 -4.1438 24.7787 164.229 59.7197
0.718637 1.32523 11.7925 656.917 271.725
-4.3524 1.51062 9.80207 262.767 301.584
-0.595275 1.22645 18.4504 582.267 235.893
3.22614 1.3364 14.6034 776.356 253.809
5.95071 -5.64139 33.7339 737.538 62.7057
7.60868 -6.77419 47.6411 725.594 80.6216
-10.7615 -1.97952 36.2862 391.164 143.327
-4.1728 -5.9584 32.8934 510.603 56.7337
3.88061 -5.6516 122.312 630.043 149.299
-11.2925 -1.74489 16.0367 74.6496 101.523
-3.95689 1.45951 15.0346 409.08 256.795
5.27699 -0.893069 13.0444 907.739 134.369
-2.77203 1.517 8.80971 361.304 313.528
-4.50888 1.1455 13.3278 340.402 259.781
7.20433 -1.6581 15.8469 952.529 107.495
-11.287 -4.68618 32.9567 349.36 74.6496
-9.66017 -4.24022 38.9706 426.996 101.523
0.845561 1.25735 18.5275 644.973 235.893
6.23231 -0.680922 40.0702 722.608 173.187
-4.53978 0.94077 12.1231 322.486 241.865
-12.546 -0.22789 26.3559 253.809 185.131
-15.3494 -0.00819121 27.2988 191.103 182.145
-2.19362 1.28189 18.5098 519.561 235.893
7.39817 -0.481841 14.3037 1006.28 158.257
-4.01403 1.32565 14.486 397.136 253.809
-9.37711 0.351725 28.7831 367.276 191.103
-18.0178 -0.742665 27.783 131.383 161.243
-14.8236 -1.94503 25.7895 182.145 128.397
-6.5096 -3.55885 53.0594 519.561 134.369
-11.237 -3.28432 24.5381 268.739 86.5936
-5.10552 1.17254 8.28112 119.439 301.584
-5.10692 1.15353 8.2277 113.467 295.612
-9.16109 0.159293 13.0356 71.6636 191.103
-4.40915 1.50705 9.86803 259.781 295.612
-2.7026 1.4816 10.7817 409.08 289.641
-1.6174 1.42478 11.1589 498.659 283.669
2.56502 -7.77398 71.4482 633.029 104.509
1.40771 1.36186 10.9037 710.664 283.669
4.41708 0.2245 27.9002 731.566 188.117
5.74585 -5.48423 33.6335 727.386 78.83
8.28357 -4.0964 27.4654 831.298 75.2468
1.96769 -6.74807 62.0194 637.806 121.828
5.96386 -8.32134 64.1721 677.221 85.9964
-2.64256 -5.09896 32.0921 541.06 89.5795
4.39384 -8.67687 199.817 623.474 150.494
-4.31907 0.617507 8.40967 200.658 247.24
-4.10975 1.42466 14.4683 397.733 254.406
-9.87025 -1.57813 14.5041 93.1627 103.912
-9.28389 0.303404 28.0184 365.485 189.909
-12.8289 0.028732 26.3345 254.406 186.325
-13.8112 -1.7935 28.5137 250.823 136.161
-4.78006 -2.44903 26.1918 476.563 114.662
-8.92406 -3.91712 36.001 426.399 103.912
0.845408 1.19493 17.9762 644.973 236.49
2.55735 0.87412 30.2328 670.055 204.241
2.11916 0.738684 45.0606 648.556 200.658
-4.64575 0.907583 12.3601 318.903 240.073
-8.72587 0.677289 18.8825 268.739 207.825
7.13085 -1.63437 15.8306 949.543 107.495
7.89479 -1.16136 29.5881 806.216 157.66
-2.26533 1.31523 18.2576 505.229 236.49
7.42062 -0.809878 13.7907 1017.62 139.744
8.12368 -1.8547 28.2377 834.881 128.995
-10.3261 -0.697265 23.6256 286.655 164.826
-10.0651 -1.29271 26.3879 326.07 150.494
-10.7699 -1.9185 24.104 293.821 136.161
-15.7806 0.0306969 28.1354 193.492 182.742
-18.2884 -0.835861 28.3217 128.995 161.243
-14.7661 -1.87901 25.3824 179.159 128.995
-4.91078 -0.302563 67.6366 544.644 182.742
-11.5167 -3.35588 25.0728 268.739 85.9964
-12.362 -3.58052 26.7511 250.823 85.9964
-5.06466 1.22045 11.8904 275.905 265.155
-4.94586 1.54425 10.8002 257.989 293.821
-10.7385 -1.97528 36.2086 390.567 143.327
-3.94465 1.28293 14.2356 408.483 257.989
-1.60934 1.46117 11.3206 498.062 283.071
1.44218 1.3957 11.0516 709.47 283.071
0.997296 1.40392 12.1909 659.305 272.322
7.36279 -1.21772 16.146 949.543 128.995
4.6242 0.325053 9.06235 1003.29 197.075
3.85133 0.250919 6.26643 1114.37 222.157
