3.52004 1.12822 28.1759 703 211
-8.2537 1.00057 25.8875 372 211
1.87767 -6.19234 59.1818 631 106
-4.44254 0.151196 28.7208 494 186
-15.6245 -0.537555 27.1829 182 168
-6.39028 0.458466 25.7793 425 195
-13.5048 -1.888 27.0274 238 131
8.19897 -1.68767 27.438 830.4 138
-4.38089 1.15196 11.6988 320.4 258
-8.34069 0.974723 26.1603 372 210
6.93963 -6.29145 37.0054 745.2 58.8
4.46573 0.184491 27.7204 728.4 188.4
-5.64052 0.96725 25.9597 446.4 210
-10.2377 -2.06516 33.5753 384 136.8
-9.87432 -2.73086 30.5704 369.6 122.4
-3.98293 1.47707 11.4438 339.6 282
-19.1341 -0.883383 28.5845 112.8 159.6
-10.1645 -1.93277 22.3318 268.8 117.6
4.80682 -6.55924 133.893 634.8 146.4
-10.0505 -4.67519 39.4386 422.4 96
-9.96718 -6.81555 39.7628 424.8 56.4
8.76386 -2.17313 26.3809 854.4 122.4
-4.47681 1.02553 29.7449 494.4 210
-10.0668 -3.67357 39.2879 421.2 115.2
0.549676 -21.9381 489.523 604.8 148.8
4.07443 -0.128339 5.68936 1208.4 166.8
2.93142 0.928085 30.6257 680.4 206.4
3.61919 0.489041 60.7766 651.6 188.4
0.400929 1.38769 10.7512 638.4 280.8
8.41397 -4.0474 27.3924 837.6 74.4
7.43156 -5.4339 25.8319 823.2 27.6
5.97817 -1.90231 27.2323 774 129.6
4.94664 0.0305949 28.0419 739.2 183.6
-2.00054 1.28475 17.4967 522 237.6
-2.85519 -5.9515 35.8868 552 61.2
-4.83606 1.57097 10.013 232.8 304.8
-4.46757 0.439908 7.75373 148.8 229.2
-5.49032 1.24697 7.67563 36 314.4
-15.615 -1.71382 26.0928 165.6 133.2
-3.05956 -5.7877 33.2269 541.44 54.72
-15.8151 -0.687272 24.4389 129.6 161.28
-18.5061 -0.819337 27.7618 113.76 159.84
-10.1962 -4.74298 40.0105 421.92 96.48
-10.0827 -4.53617 34.9818 396 87.84
-17.6306 -13.3461 66.9892 419.04 36
-11.2469 -1.54825 25.1714 277.92 136.8
-3.41354 -5.1048 151.539 593.28 158.4
8.61391 -2.14493 26.0386 853.92 126.72
-14.3461 -0.939782 25.7696 195.84 155.52
-10.4147 -0.696595 23.6029 280.8 159.84
-6.90868 -2.87063 50.0676 506.88 139.68
-6.66038 -3.82448 53.6798 518.4 131.04
4.08248 -0.128843 5.71171 1208.16 167.04
3.14321 0.72979 10.9788 829.44 234.72
0.888411 1.21039 17.8355 646.56 234.72
5.11399 0.351489 28.7638 740.16 192.96
0.967787 1.3902 11.256 675.36 279.36
1.48499 1.39883 10.2834 722.88 290.88
7.6887 -0.704477 27.8011 813.6 164.16
2.0105 -6.74422 58.2597 633.6 97.92
5.34602 -7.80459 154.916 633.6 146.88
4.99311 -0.00849325 28.3054 738.72 184.32
7.82926 -4.096 56.3898 709.92 129.6
-0.931378 1.47622 7.59162 511.2 339.84
-0.767155 1.37849 10.5661 552.96 286.56
-4.07127 1.39138 14.3328 391.68 256.32
-2.66093 1.47226 10.0047 401.76 298.08
-2.74831 -5.43837 35.7953 551.52 72
-5.43853 -4.28876 82.8414 561.6 144
-4.19628 0.802369 8.14852 200.16 260.64
-4.71382 0.866027 11.3636 288 241.92
-5.32776 0.574344 7.5363 43.2 243.36
-4.33709 0.738073 7.71351 159.84 260.64
-5.05142 1.14396 7.42292 63.36 306.72
-12.1754 -4.50794 25.8798 262.08 54.72
-12.6836 -0.256222 25.5259 243.36 175.68
-10.261 -1.65809 25.2443 308.16 133.92
-10.5105 -1.62873 14.7802 72 99.36
-14.6301 -4.17111 23.9461 155.52 54.72
-21.4773 -5.38743 31.1779 97.92 54.72
-15.5592 -1.7077 25.9996 164.16 132.48
7.59303 -0.694628 13.4174 1040.26 143.424
-10.6616 0.0301663 27.6491 323.136 184.896
-4.24027 -4.47382 33.4252 516.672 84.672
2.51696 -4.583 231.752 616.896 167.616
-9.00225 -1.50185 62.711 499.392 165.888
-10.4976 -0.702143 23.7909 281.664 160.704
-6.71577 -3.85628 54.1262 518.4 129.6
3.41479 1.33176 14.1233 794.88 257.472
1.60451 1.13354 17.7976 675.648 231.552
3.04724 0.421606 52.3959 649.728 188.352
0.940947 1.39684 11.3098 673.92 279.936
1.46363 1.39281 10.1355 720.576 290.304
9.46817 -4.89003 25.9972 877.824 43.2
7.60553 -0.955039 27.2265 817.344 158.976
7.95328 -2.5177 25.7758 838.08 112.32
9.60284 -1.16493 25.2114 891.648 148.608
9.64214 -1.69561 26.3741 879.552 136.512
7.65328 -6.88057 47.9204 725.76 79.488
-2.14187 1.23976 16.8839 520.128 238.464
-0.505934 1.24735 18.011 587.52 235.008
-0.924408 1.45469 7.53482 511.488 340.416
-0.254396 1.32262 9.52828 589.248 292.032
-4.08255 1.36191 14.2331 390.528 257.472
-7.20041 0.315948 25.8553 402.624 191.808
-3.00309 1.54924 9.2974 355.968 314.496
-2.70623 1.48316 10.175 400.896 298.944
-1.36303 -7.5174 96.1284 597.888 124.416
-9.40533 -4.09894 26.494 345.6 69.12
-8.94274 -4.2208 36.9047 435.456 101.952
-16.0293 -12.2835 61.2283 419.904 36.288
-10.468 -2.04284 29.8382 350.784 133.056
-4.18267 0.790603 8.14409 200.448 260.928
-4.57376 1.5564 9.58026 236.736 311.04
-3.22042 1.61239 8.35166 300.672 336.96
-5.43321 0.584562 7.67037 43.2 243.648
-4.38764 0.755662 7.78416 158.976 260.928
-5.44952 1.26382 7.64833 36.288 314.496
-5.05352 1.15241 7.41086 62.208 307.584
-4.23726 0.972682 7.53596 158.976 286.848
-12.011 -3.51938 25.7589 262.656 79.488
-11.5604 -4.28022 24.5725 260.928 53.568
-12.5433 -0.254816 25.3857 243.648 176.256
-12.8724 -1.80461 25.8336 238.464 131.328
-13.9141 -3.95795 22.7224 155.52 53.568
-15.8502 -1.73559 26.4243 164.16 133.056
-10.1863 -1.96207 22.3116 267.494 118.195
-9.63538 0.193535 29.0792 364.954 188.698
-4.38558 0.185364 27.8516 491.443 186.624
-7.00046 -2.83819 50.7327 508.032 141.005
-7.00858 -3.63908 45.7213 497.664 124.416
-9.88367 -0.692237 22.3994 279.936 159.667
-10.4261 -0.669899 22.6983 269.568 159.667
-10.0009 -2.33728 37.9994 412.646 141.005
-0.306933 1.38004 9.94198 584.755 290.304
-4.26248 0.967926 7.58081 159.667 286.157
-10.5863 -4.74271 26.5905 317.261 51.84
-14.3587 -4.06595 23.3424 153.446 53.9136
-0.585562 1.23168 18.1494 588.902 228.096
5.79073 -8.06436 59.6314 680.141 82.944
8.43447 -4.2291 27.3353 837.734 68.4288
-4.45647 1.51208 9.30747 236.39 308.966
0.903297 1.37172 11.2329 671.846 277.862
4.60435 0.190218 28.5808 729.907 188.698
-3.86344 1.40641 14.084 400.205 259.2
-4.24563 0.177878 26.7267 481.075 192.845
-19.5968 -4.86631 28.3907 97.4592 53.9136
-9.52185 -4.32992 34.8883 406.426 91.2384
-10.1827 -1.99508 29.1406 350.438 132.71
-2.68688 1.48513 9.99766 398.131 296.525
-4.10555 1.53304 11.3865 329.702 288.23
-15.4786 -0.533825 26.9943 184.55 165.888
-13.7661 -1.96285 27.5502 238.464 130.637
-4.08866 1.37709 14.1856 387.763 255.053
-6.83141 -9.43832 72.0134 539.136 85.0176
-7.50056 -3.83754 38.7364 472.781 105.754
-4.52365 0.923032 11.4828 302.746 244.685
-4.71778 0.866756 11.3732 288.23 240.538
-18.609 -0.862725 27.9161 114.048 159.667
-4.16117 -5.61889 173.984 590.976 159.667
-1.19995 -6.73575 84.6277 597.197 124.416
-10.6505 0.0300267 27.5211 323.482 184.55
-17.2039 -0.706086 26.4146 126.904 161.741
-4.26985 -0.550707 63.6901 559.872 176.671
-1.77684 1.57675 11.5914 490.199 291.133
1.48049 1.3946 10.2523 719.125 288.645
-12.4593 -4.2503 24.7968 238.879 54.743
-10.0329 -4.49112 25.3779 316.017 52.2547
-12.8448 -4.92801 27.6295 258.785 54.743
-0.589831 1.21523 18.2817 584.755 233.902
-2.93705 -5.71942 35.0759 549.919 59.7197
-4.36595 0.983052 7.78409 159.253 286.157
-15.4805 -4.40865 25.1093 154.276 54.743
7.12788 -3.79307 28.3391 796.263 84.6029
-4.03378 1.49362 9.69177 283.669 303.575
5.75203 -7.97856 58.3963 679.311 84.6029
1.90571 -6.23907 55.2233 634.522 102.021
0.764434 1.34358 11.259 659.405 276.204
6.3498 -5.9359 34.6308 744.008 57.2314
0.850329 1.19179 17.5614 646.963 233.902
-4.28641 0.6265 7.66128 161.741 248.832
-4.48222 0.451083 7.76043 146.811 228.925
-5.10534 0.161707 8.43306 116.951 196.577
7.65677 -1.11399 27.4099 816.169 154.276
-4.73364 0.552671 25.17 470.293 199.066
5.6358 -4.4239 49.5229 691.753 116.951
-10.2912 -2.09506 34.0614 385.69 136.858
-5.31303 -7.49634 56.0074 539.966 84.6029
-3.07715 -5.81061 34.4591 542.454 59.7197
-2.71757 1.48036 10.0598 398.131 298.598
-3.65871 1.31333 13.3376 400.62 258.785
-9.82202 -4.41891 34.0775 398.131 87.0912
-9.72663 -4.14587 28.0588 350.853 72.1613
-15.4339 -0.571113 26.9819 186.624 166.717
-14.035 -2.00119 28.0884 241.367 131.881
-4.59466 0.911639 11.5408 301.087 243.855
-4.75285 0.873198 11.4577 288.645 241.367
-1.02119 -5.63208 72.02 597.197 124.416
-5.27611 -3.96487 78.6998 559.872 144.323
-14.8439 -2.0069 25.2146 174.182 121.928
-10.4451 0.0293422 26.8938 323.482 184.136
-10.4915 -0.676155 22.9103 278.692 159.253
-7.17703 -4.07546 57.2025 517.571 131.881
-2.11209 1.51485 8.86887 418.038 318.505
-0.287898 1.34195 9.76544 587.244 291.133
-0.420154 1.21391 18.6521 591.225 229.921
-0.625019 1.23512 17.8344 582.267 235.893
-4.55083 1.53087 9.50454 232.907 310.542
4.44802 0.100032 25.8263 722.608 188.117
2.35331 -7.98905 68.1936 636.015 101.523
-3.97845 1.48147 9.52698 283.669 304.57
7.46383 -1.69309 15.5606 973.431 101.523
-10.6359 -2.1006 30.6818 361.304 134.369
-3.297 -6.13025 36.3547 528.519 62.7057
7.69257 -6.87037 46.9398 728.58 86.5936
6.0421 -5.73529 33.4604 740.524 56.7337
-4.28438 1.38165 14.6525 400.122 259.781
7.06196 -2.80389 48.9035 713.65 140.341
0.906531 1.17689 17.7048 647.959 235.893
-2.09776 1.18418 17.0988 516.575 235.893
-9.59001 -4.40729 40.506 447.898 110.481
7.7177 -1.15554 27.4912 815.174 164.229
-3.98799 1.27316 13.704 388.178 253.809
-18.1213 -0.921518 27.3558 116.453 158.257
-10.5618 -1.54027 21.619 241.865 131.383
-1.32863 -7.45803 93.7024 597.197 125.411
-9.44872 -4.32279 34.4448 397.136 86.5936
-15.2223 -0.117614 26.2922 179.159 179.159
-14.9858 -4.26777 24.3069 152.285 56.7337
-11.8899 -3.33056 24.1312 259.781 80.6216
-3.71034 1.32514 13.4576 409.08 259.781
-1.55121 1.38914 10.2122 489.701 289.641
1.44325 1.37204 10.1907 719.622 289.641
0.747903 1.31453 11.0155 659.903 274.711
3.03216 0.974905 8.16952 904.753 277.697
-15.3922 -2.15376 26.1459 168.41 121.828
-5.6631 -4.19752 52.7375 530.311 121.828
-5.01795 -2.72391 27.4953 483.73 107.495
7.99518 -1.33833 16.8147 967.459 125.411
5.68102 -17.8783 158.244 634.223 100.329
7.1803 -10.3081 73.9408 677.221 82.4132
-4.87084 1.49917 9.99858 240.073 293.821
-4.94058 1.55775 10.2 229.324 300.987
-4.29365 0.760939 8.31514 200.658 257.989
7.50211 -1.71671 15.7777 971.042 103.912
0.881443 1.19221 17.2149 648.556 236.49
2.58764 0.76603 46.7287 652.139 197.075
-7.68546 0.227749 28.304 404.9 186.325
-10.433 -2.03723 34.6903 386.984 139.744
7.98623 -1.13344 28.877 813.382 150.494
5.80022 -1.98106 26.7608 770.384 128.995
-9.3769 -4.35824 37.2015 422.815 96.7459
-4.14597 1.35674 14.1791 397.733 257.989
-10.8237 -4.58334 30.7302 351.152 71.6636
-4.5906 0.869636 11.411 318.903 232.907
-11.1893 -0.12934 28.9133 322.486 182.742
-10.6339 -1.83255 25.7214 300.987 128.995
-12.889 -0.0078492 26.159 243.656 182.742
-13.3339 -1.91187 26.8347 243.656 132.578
-5.07999 -1.51773 106.8 576.892 171.993
3.66533 -5.8202 115.527 609.141 150.494
-19.278 -0.9742 28.9197 118.245 157.66
-14.4955 -0.11254 25.1578 179.159 179.159
-15.0182 -2.00676 25.2128 161.243 132.578
-6.74035 -3.91428 54.9403 519.561 128.995
-12.5944 -3.64679 26.6915 257.989 78.83
-4.29093 0.651072 7.57518 146.91 229.324
-3.90477 1.40719 14.0917 412.066 254.406
8.08757 -7.14651 49.7726 730.969 75.2468
8.62614 -4.24801 27.7067 838.464 71.6636
1.51021 1.43642 10.5598 705.887 275.905
0.787822 1.31971 10.9315 662.889 275.905
7.60065 -0.857157 13.3325 1046.29 136.161
