-0.932071 1.46519 6.89377 500 356
3.48154 0.936978 26.1226 707 211
1.00275 1.3759 10.3261 685 289
0.685082 1.37271 10.7511 658 284
-8.28872 0.908697 25.3341 366 210
1.98691 -6.6112 59.9945 633 104
-4.4616 0.030914 28.3344 492 185
-4.68251 -3.52516 29.7373 493 97
3.90746 0.426149 6.69093 1086 239
0.733978 1.24983 13.2545 651 257
1.62454 1.35021 11.5846 716 275
-0.708274 1.44944 6.95624 526 354
-0.484842 1.43753 6.80822 551 356
-0.290939 1.46596 9.86861 585 302
-4.21575 1.32934 11.829 335 271
-6.84441 0.367566 27.0052 422 194
-5.12159 1.16813 10.3946 227 271
-4.45448 0.509822 6.94314 90 244
-4.67875 0.121774 6.8473 49 197
-13.5272 -1.98645 26.3388 228 127
-4.27502 0.726097 6.88743 106.8 268.8
-8.14795 0.85862 24.9038 364.8 212.4
-10.6477 0.323653 34.2938 380.4 190.8
-4.42972 1.13412 11.0493 298.8 262.8
-4.52168 0.848791 11.5595 307.2 240
-4.02574 1.48515 10.593 321.6 294
-3.95983 1.42803 11.5623 343.2 279.6
-4.01213 1.46832 10.7943 320.4 289.2
4.12498 -6.03434 110.615 636 145.2
-4.10745 1.35108 13.721 380.4 259.2
-4.03687 1.39251 12.3912 358.8 270
-10.0265 -4.83023 38.9196 420 92.4
-10.4271 -2.15747 29.1438 344.4 129.6
-3.9103 1.47659 10.327 314.4 294
-3.8379 1.48564 9.64001 298.8 303.6
3.77503 -7.84051 57.9762 660 82.8
-13.796 -1.10506 24.6582 193.2 148.8
-4.45356 -6.74851 34.3531 513.6 39.6
-19.0036 -1.00606 27.5869 102 159.6
-4.92381 -3.71748 30.9959 492 96
3.67882 0.233819 60.3677 652.8 187.2
-9.92384 -3.74241 38.3141 418.8 111.6
-10.1558 -2.41684 42.1529 433.2 141.6
3.77709 0.366072 6.45232 1086 238.8
7.94541 -1.01023 14.1795 1035.6 130.8
1.75225 1.13301 17.7894 682.8 232.8
0.934907 1.17527 17.318 649.2 236.4
7.34999 -5.38853 24.4829 831.6 22.8
10.3221 -1.97016 26.6136 897.6 130.8
-0.801512 1.20216 16.3719 572.4 240
-1.35412 1.30043 8.75429 487.2 301.2
-2.89713 1.48533 8.29092 328.8 324
-2.62476 1.44843 9.15077 384 308.4
-10.4157 -2.29674 33.5466 380.4 134.4
-4.86754 1.54988 9.30123 198 314.4
-2.70985 1.48968 7.34556 313.2 346.8
-10.8001 -5.02261 36.7613 393.12 83.52
-10.2989 -4.72794 32.3023 375.84 77.76
-3.99128 1.4174 11.607 344.16 279.36
-3.9564 1.4385 10.6843 326.88 289.44
-3.8287 1.4687 9.61688 298.08 303.84
-4.00086 1.44381 10.7238 321.12 289.44
-10.4803 -5.02173 40.4626 419.04 93.6
-2.9619 -5.87144 32.1663 541.44 50.4
10.268 -1.34172 25.9166 902.88 148.32
-8.20469 0.860938 24.9711 365.76 208.8
-10.227 -1.78483 24.5719 300.96 129.6
-15.4652 -1.82618 25.1411 154.08 129.6
-11.3104 -1.68583 24.6236 269.28 133.92
-10.7002 -2.15194 22.6771 259.2 113.76
-15.844 -0.802341 23.8179 116.64 158.4
-3.65597 -7.01057 185.172 593.28 156.96
-9.97718 -0.799402 21.9203 270.72 158.4
-10.2588 -2.33582 37.9757 411.84 138.24
-6.61771 -4.02256 53.3359 518.4 129.6
3.53066 0.501177 6.9572 1025.28 246.24
7.8601 -1.81614 15.3204 992.16 95.04
3.20917 0.705825 10.4006 856.8 231.84
1.7875 1.18105 18.1473 682.56 233.28
0.916399 1.152 16.9752 649.44 236.16
3.07361 0.877424 30.347 684 205.92
5.30701 0.271102 28.7257 745.92 192.96
3.44007 0.916253 25.5448 709.92 211.68
1.50202 1.37089 9.4048 737.28 302.4
8.21457 -1.74077 26.5032 839.52 135.36
7.44406 -4.11045 52.5622 712.8 128.16
-0.473611 1.1919 18.7139 588.96 231.84
-1.37963 1.30083 8.83975 486.72 300.96
-0.29246 1.39404 9.47318 590.4 302.4
-3.5006 1.34176 15.6113 440.64 250.56
-2.76946 1.48454 8.76278 358.56 318.24
-2.97438 1.47773 8.37858 331.2 326.88
-2.77788 -5.59679 35.5365 552.96 67.68
-9.73808 -4.37017 26.8012 341.28 64.8
-4.85517 0.863734 10.9344 266.4 244.8
-3.85029 1.51657 8.08844 231.84 332.64
-4.46266 0.426446 7.00144 93.6 233.28
-4.67066 0.121812 6.84941 50.4 197.28
-4.24542 0.788196 7.47647 154.08 269.28
-4.28713 0.716939 6.89149 106.56 269.28
-4.27462 0.961227 6.85606 103.68 298.08
-12.1016 -3.60432 25.3482 253.44 74.88
-11.5504 -4.39057 24.0534 253.44 48.96
-15.8672 -3.58669 25.2242 144 77.76
-15.3907 -4.46601 24.4667 144 47.52
7.09412 -2.08954 10.2032 1154.88 27.36
-10.5102 -0.0449598 26.5852 316.224 183.168
-11.647 -0.691782 23.4398 238.464 162.432
0.869625 -1.79862 70.9801 616.896 165.888
-9.87856 -0.763643 21.7701 271.296 158.976
-19.0289 -1.00943 27.6795 101.952 157.248
-4.05792 -1.23859 96.6143 580.608 176.256
-5.95797 -5.16068 115.155 570.24 155.52
-6.92921 -4.36728 55.8465 518.4 129.6
-7.77299 -3.55 55.2179 506.304 138.24
3.56749 0.506404 7.02976 1024.7 247.104
3.44845 1.29515 13.3415 806.976 260.928
3.38005 1.28765 13.0768 805.248 260.928
1.74456 1.12804 17.7113 680.832 233.28
0.934743 1.19915 17.315 649.728 236.736
0.52647 1.40701 7.44887 661.824 336.96
0.976259 1.35027 10.3498 682.56 288.576
0.489054 1.29369 10.7159 644.544 279.936
7.76198 -1.00687 26.5946 827.712 158.976
8.23175 -1.8183 26.5586 839.808 133.056
5.79335 -1.95242 24.9664 779.328 127.872
10.1843 -1.33547 25.7958 902.016 148.608
6.48527 -9.85479 180.646 634.176 145.152
5.19384 -0.0482706 28.5429 743.04 183.168
-2.08002 1.26434 17.5512 518.4 240.192
-0.448276 1.16278 16.7899 587.52 236.736
-0.26793 1.35002 9.08815 589.248 302.4
-4.10222 1.35582 13.5773 388.8 262.656
-7.31252 0.206137 25.6181 397.44 190.08
-2.62734 1.43018 9.11557 383.616 309.312
-1.41978 -8.52689 100.131 599.616 124.416
-10.6624 -4.75869 30.7584 352.512 70.848
-10.4554 -6.63234 33.5244 380.16 38.016
-9.82059 -4.35293 26.9252 340.416 63.936
-9.73932 -4.58356 34.9721 404.352 88.128
-9.98652 -2.20138 33.5159 390.528 136.512
-10.7675 -2.18603 30.0951 343.872 129.6
-5.6863 0.51483 10.6395 195.264 221.184
-4.4717 1.13328 11.1929 298.944 262.656
-3.87354 1.47776 8.18511 233.28 328.32
-5.1071 1.26576 10.3652 226.368 279.936
-4.48936 0.428063 7.02799 93.312 235.008
-4.23306 0.777436 7.47302 153.792 269.568
-4.29895 0.717312 6.89509 103.68 269.568
-11.8024 -3.63161 24.5783 252.288 77.76
-9.70087 -4.47129 23.9481 307.584 44.928
-11.4995 -4.37917 23.8095 252.288 48.384
-13.4162 -1.97015 26.1226 229.824 127.872
-10.3935 -1.67431 13.9602 41.472 91.584
-13.1253 -3.83769 20.8655 143.424 48.384
-15.2526 -1.83144 24.7397 152.064 129.6
-4.25788 0.0287407 26.3424 489.37 186.624
-7.88204 0.183779 27.6133 398.131 188.698
-13.077 -0.330905 25.8118 234.317 174.182
-4.1333 -1.48617 95.2542 578.534 174.182
-6.34838 -2.82982 46.0071 508.032 138.931
-9.50498 -2.33029 39.6806 433.382 141.005
-10.091 -2.492 37.9406 410.573 138.931
3.10181 0.930984 7.53785 939.341 284.083
-0.232889 1.36696 9.20219 584.755 300.672
-0.729896 1.33282 9.50649 549.504 294.451
-4.2233 0.775643 7.45579 155.52 267.494
-1.51085 1.42531 9.59498 485.222 300.672
1.50081 1.39407 9.56378 731.981 300.672
-3.21034 1.40704 13.1727 420.941 265.421
-15.1678 -4.83644 25.5235 165.888 41.472
-12.1652 -4.61935 25.1154 250.906 47.6928
-4.09156 0.679328 7.53792 176.256 257.126
-0.489439 1.18245 17.4238 586.829 236.39
5.66662 -8.03333 55.949 682.214 80.8704
4.45917 0.101929 26.3162 734.055 188.698
12.859 -4.43804 25.4785 982.887 58.0608
0.952587 1.35757 10.4057 680.141 286.157
0.503859 1.30833 10.7138 644.89 277.862
1.68437 1.13731 17.8568 680.141 232.243
-10.3105 -1.67395 13.7972 41.472 91.2384
-4.49999 1.52489 8.71473 203.213 319.334
-5.06713 1.10966 10.2551 226.022 273.715
7.81589 -0.805703 27.2998 821.146 153.446
4.95404 -0.121788 27.2251 742.349 182.477
-10.6721 -2.35328 34.3726 381.542 134.784
-2.66266 1.45644 9.28292 381.542 306.893
-3.0126 1.53841 8.58719 333.85 325.555
-4.03532 1.37474 12.3864 360.806 267.494
3.41508 -4.9936 46.489 669.773 111.974
-2.92878 1.49586 8.415 325.555 323.482
-2.11756 1.27222 17.6607 512.179 238.464
-2.15125 1.2532 15.5903 503.885 244.685
-4.13783 1.35478 13.7586 377.395 259.2
-9.76361 -4.43959 30.6233 373.248 76.7232
-9.39168 -4.19482 25.9472 340.07 64.2816
-18.008 -1.34064 23.9639 55.9872 136.858
-14.1997 -2.12368 27.6482 230.17 126.49
-5.88548 -8.64926 62.0419 539.136 82.944
7.76079 -0.994165 13.954 1032.65 130.637
-5.86665 -8.9455 245.293 593.05 157.594
-15.0044 -1.76778 24.3371 151.373 128.563
-10.2528 -0.0438587 25.9341 315.187 182.477
-10.1994 -1.81411 24.5056 308.966 130.637
-3.0118 1.32002 12.3581 420.526 266.25
-1.55902 1.37056 9.40248 485.222 301.087
-1.5473 1.37177 9.4108 480.246 298.598
-0.292871 1.32318 9.07748 587.244 301.087
3.35862 0.467549 6.61819 1025.19 246.344
-4.23992 0.787175 7.46679 154.276 268.739
-4.25735 0.957342 6.82836 119.439 296.11
-12.2453 -19.8738 182.654 559.872 104.509
-2.76165 -5.9898 34.1147 549.919 57.2314
-9.84628 -4.5045 24.3071 308.552 47.2781
-14.1771 -4.12695 22.4382 141.834 47.2781
1.4826 1.36296 9.53228 731.566 298.598
1.5138 1.34805 9.91014 721.613 286.157
-0.477836 1.17808 17.0108 584.755 236.39
-27.9661 -7.22088 39.5591 84.6029 47.2781
7.16395 -3.84045 27.2757 803.727 79.6263
3.32395 1.24614 13.2154 801.239 258.785
8.64519 -4.40957 27.0429 848.517 67.1846
0.935875 1.34622 10.5436 679.311 286.157
0.518219 1.35504 11.355 646.963 278.692
5.22704 -8.6192 58.8882 681.8 82.1146
2.40504 -8.22105 66.9921 637.01 99.5328
1.70928 1.12892 18.1209 669.358 231.414
0.946333 1.16524 17.5297 651.94 236.39
-4.61357 0.427995 7.19111 92.0679 233.902
-4.00492 1.45505 8.88041 253.809 313.528
-4.5184 1.49461 8.75039 201.554 320.993
-5.03267 1.09411 10.243 226.437 273.715
-2.95808 1.51057 8.43178 325.97 323.482
-4.76117 1.40367 12.0432 306.063 273.715
3.2579 0.949124 10.3715 841.052 248.832
-9.95329 0.113955 29.421 360.806 186.624
-10.4898 -2.32349 33.9374 388.178 136.858
-2.05186 1.17462 14.87 502.641 243.855
-4.65363 -6.90718 49.0563 539.966 82.1146
-3.03524 -5.87633 33.4684 542.454 54.743
-3.96537 1.41212 13.7579 388.178 261.274
-10.6485 -4.68744 29.7626 345.877 67.1846
-13.1801 -0.369705 26.0154 236.39 171.694
-4.56527 0.879333 10.7531 281.18 248.832
-19.2774 -1.02469 28.0979 102.021 154.276
-4.30635 -0.823485 64.2346 562.36 176.671
-1.17277 -7.04337 82.7103 599.685 124.416
-5.92252 -5.06509 88.3418 562.36 141.834
-17.5242 -0.881892 26.1794 114.463 159.253
-10.3412 -0.0442368 26.1577 316.017 181.647
-10.1654 -0.812002 22.2658 271.227 156.764
9.98441 -1.80786 26.406 900.772 129.393
-7.06009 -4.24388 56.2704 517.571 129.393
-5.16953 0.0269951 24.7425 452.874 184.136
-9.8247 -0.639928 41.0153 432.968 171.694
-3.92568 1.43837 8.7047 253.809 313.528
-4.34844 1.44624 8.33146 200.061 313.528
2.199 -6.82619 58.9678 636.015 98.5375
6.06223 -8.54501 60.6885 680.805 80.6216
-6.9492 -4.12326 36.9507 483.729 104.509
-4.25492 -4.59563 30.5279 507.617 71.6636
-4.74147 0.476395 24.8441 465.814 200.061
7.94391 -8.94088 49.7401 722.608 56.7337
0.745055 1.3056 10.3381 665.875 283.669
6.15382 -0.230692 26.6799 779.342 176.173
7.61851 -1.20041 25.9792 824.132 149.299
-3.79085 1.54445 9.58883 295.612 310.542
-4.51549 1.26323 11.3817 304.57 268.739
5.52778 -1.06752 12.744 931.627 128.397
0.933455 1.17344 17.2911 650.945 235.893
-7.54057 -3.54054 33.8379 444.912 107.495
-3.83559 1.36591 13.3076 397.136 256.795
-2.72087 1.46693 9.34982 379.22 307.556
-4.17325 1.3226 13.6243 388.178 262.767
-4.55651 0.859899 10.6974 280.683 247.837
-2.10957 1.27708 17.3922 513.589 238.879
-2.046 1.13939 16.1282 504.631 244.851
-10.2103 -0.813113 22.2962 268.739 149.299
-12.3035 -1.82156 24.1524 232.907 128.397
-18.9301 -1.04887 27.704 101.523 155.271
7.75939 -0.873171 13.882 1033.15 137.355
-9.28221 -4.35798 31.8968 373.248 77.6356
-9.99011 -4.47124 28.1413 346.374 68.6776
-14.9392 -0.216859 25.0801 167.215 176.173
-14.7771 -2.19053 24.5217 161.243 119.439
-5.24148 0.0275543 25.255 453.87 185.131
-10.9628 -4.96702 27.6327 328.458 62.7057
-4.16826 0.722259 7.65959 176.173 259.781
-2.75439 -5.97405 34.0249 549.421 59.7197
-3.51386 1.31467 13.3512 406.094 259.781
-0.248392 1.30126 8.84267 588.239 301.584
-1.51979 1.37184 9.32231 480.743 298.598
-0.517167 1.15286 19.3702 585.253 235.893
7.25503 -5.23833 29.8347 788.3 56.7337
1.51023 1.40186 9.70992 731.566 298.598
3.10816 0.946599 7.57892 940.585 286.655
4.40925 0.0272712 24.9955 741.719 186.325
8.65297 -4.18302 61.0982 713.053 139.744
9.9991 -2.36913 26.9405 877.88 121.828
8.99832 -4.45285 28.0255 849.214 68.0805
3.05822 -8.94049 76.3151 634.223 100.329
7.25286 -10.7239 74.688 680.805 78.83
7.41206 -0.601222 11.6132 1100.04 146.91
7.67758 -0.574993 13.2413 1042.71 154.077
-4.73176 0.829553 10.6899 265.155 243.656
-4.61636 1.34473 11.6769 300.987 268.739
0.928151 1.16078 16.761 652.139 236.49
2.53785 0.819094 39.8267 655.722 200.658
3.17099 0.833972 50.8732 648.556 193.492
5.84302 -1.13568 13.5578 928.044 128.995
-11.117 -0.12535 28.0216 315.32 179.159
-9.92714 -1.44914 24.6762 311.737 139.744
-10.454 -0.887939 22.6222 268.739 146.91
-10.4424 -3.07053 30.9941 361.901 111.079
-10.2044 -4.54934 28.6328 347.569 68.0805
-5.82838 -4.84856 54.2767 530.311 121.828
-12.6381 -0.11159 24.9454 236.49 182.742
-12.0376 -1.78219 23.6304 232.907 128.995
-15.1642 -0.220125 25.4578 186.325 182.742
-16.766 -0.800903 28.4795 175.576 154.077
-2.15234 1.17501 16.9665 512.395 225.74
-2.78595 1.49487 9.52791 376.234 304.57
-3.46276 1.45975 10.1109 340.402 297.404
-3.90155 1.37057 13.5364 386.984 261.572
-3.66878 1.13455 12.032 361.901 268.739
-4.57943 0.740839 11.3832 308.154 250.823
-4.52422 0.868581 10.6216 279.488 247.24
-9.59491 -4.6223 37.2442 422.815 96.7459
8.06476 -1.34968 16.1125 978.209 121.828
-17.4055 -1.00392 25.577 103.912 154.077
-7.70636 0.105081 27.1301 401.316 186.325
-9.62314 0.110175 28.4451 358.318 186.325
-10.2214 -2.13564 33.2185 383.4 136.161
-10.6979 -2.24846 30.373 347.569 128.995
7.94833 -0.43936 14.8869 1017.62 164.826
7.79859 -0.910589 14.1636 1031.96 136.161
-7.4805 -0.636035 32.1629 437.148 168.41
-3.39658 -1.54795 78.2762 576.892 171.993
-6.7913 -4.40591 55.3556 519.561 128.995
-15.0444 -2.19969 24.6242 157.66 118.245
-12.2257 -3.69432 25.2404 232.907 75.2468
-4.2554 0.750187 7.51246 154.077 265.155
-4.27208 0.60113 6.8827 103.912 254.406
-5.17222 1.16326 10.3512 222.157 272.322
-1.26618 -7.48015 89.2982 598.391 121.828
-0.569023 1.17236 17.6367 580.475 236.49
0.765691 -14.9206 304.573 627.057 146.91
7.99651 -7.17663 46.8079 734.552 71.6636
8.39962 -1.43726 29.3387 824.132 150.494
1.48836 1.37036 9.40111 727.386 297.404
0.750476 1.28612 10.4133 666.472 283.071
4.58837 -0.391719 45.3029 702.304 189.909
