-0.739829 -7.19371 85.8787 602 128
-3.20058 -10.9708 113.939 588 118
3.42906 0.885868 24.6976 710 215
-13.9119 -2.13583 26.3735 219 128
2.11032 -6.64121 58.7826 635 106
-5.1428 0.0610968 24.6146 454 190
3.97192 1.02396 20.5698 752 226
5.52432 -8.78304 59.4426 676 81
-10.1467 -11.1549 48.2433 456 20
-10.4955 -7.3408 36.5909 398 41
-11.3636 -0.691282 22.3685 231 165
-9.77771 0.85572 24.8197 316 213
5.89823 -1.94164 24.3947 787.2 130.8
-10.4699 -4.80569 29.7258 349.2 69.6
1.00405 1.33926 9.27632 692.4 302.4
0.688631 1.3389 9.74324 663.6 296.4
-10.2088 -1.82309 23.7349 290.4 130.8
-6.90492 -5.68375 31.3772 446.4 54
5.18086 0.288464 26.6388 751.2 196.8
-10.138 -2.1654 27.6899 338.4 130.8
-3.95188 1.34457 11.4001 342 279.6
2.58343 -5.78425 58.3866 642 116.4
-10.195 -5.07676 39.1507 417.6 93.6
-9.91069 -4.81414 35.2355 403.2 88.8
-5.05737 1.14111 9.5623 195.6 282
-4.30229 -6.67845 32.834 513.6 39.6
-5.608 -4.57191 29.8192 470.4 74.4
-10.0351 -2.54724 41.4128 430.8 142.8
-9.84987 -2.53549 37.034 412.8 136.8
-9.2516 -3.62918 35.1523 416.4 112.8
-7.90985 -3.847 56.1902 506.4 139.2
4.03463 0.160666 64.7288 655.2 190.8
9.6537 -4.27427 24.5383 901.2 61.2
8.85877 -10.0375 54.9895 726 56.4
-1.51462 1.16729 16.204 537.6 243.6
-2.24283 1.22635 16.0917 504 246
-0.133318 1.04708 18.4556 603.6 232.8
-10.2007 -4.55075 26.5497 325.2 61.2
-10.3744 -1.0324 34.9811 390 166.8
-10.443 -2.35416 33.0426 375.6 135.6
-19.5764 -2.14442 27.4217 80.4 129.6
-10.1511 -0.819325 21.6411 262.08 161.28
-10.2759 0.0330043 30.2502 358.56 188.64
-10.9038 -5.34293 41.6502 417.6 93.6
-10.0346 -4.89857 35.8534 403.2 89.28
-4.00659 1.42228 10.9018 325.44 289.44
2.92848 -4.51795 178.294 620.64 169.92
-4.68718 0.922355 23.8639 462.24 217.44
-4.6999 0.289917 26.773 479.52 197.28
10.4323 -1.31695 25.4381 912.96 151.2
-4.96442 -10.2192 251.445 593.28 159.84
-16.631 -0.921481 24.3393 100.8 158.4
8.56526 -2.00837 23.9759 871.2 129.6
8.74708 -2.21269 24.3899 874.08 122.4
0.939581 1.14133 16.1557 653.76 243.36
3.22897 0.83173 30.2206 686.88 210.24
5.1904 0.255525 27.0752 751.68 197.28
1.28532 1.37869 8.41437 727.2 319.68
4.36818 -0.70864 55.2763 666.72 180
5.13686 -0.120744 26.9918 750.24 187.2
8.0597 -4.3999 55.2802 714.24 132.48
-1.38726 1.3139 8.22855 476.64 316.8
-10.4138 0.394634 28.9939 344.16 198.72
-2.95011 -6.02635 32.0383 541.44 50.4
-2.63695 -6.01675 33.7336 552.96 57.6
-9.57959 -4.36224 25.8698 335.52 63.36
-4.55531 0.83133 10.9084 286.56 247.68
-4.39546 0.870166 9.80686 259.2 257.76
-3.84477 1.46463 8.93887 270.72 318.24
-4.39219 1.09075 10.2116 276.48 272.16
-4.48354 0.416658 6.26811 27.36 243.36
-4.28327 0.707487 6.14345 40.32 283.68
-11.7753 -4.56178 23.8986 244.8 47.52
-15.2042 -1.88598 24.1169 142.56 129.6
-17.1789 -2.46609 25.9876 119.52 118.08
5.23136 -0.0853497 27.6907 749.952 188.352
-11.1024 -1.71417 23.5991 259.2 134.784
-11.0506 -0.858814 22.6841 245.376 160.704
-12.2109 -0.767849 23.7758 228.096 164.16
-7.07013 -6.11128 76.7819 542.592 131.328
-5.91096 -4.8021 114.246 571.968 155.52
-9.80833 -3.79572 37.2677 416.448 114.048
-7.8125 -3.64525 55.4986 506.304 141.696
5.98081 0.555941 25.3189 784.512 205.632
1.76428 1.10338 16.9538 686.016 240.192
0.937491 1.1388 16.1197 653.184 243.648
0.990855 1.36142 9.52157 689.472 302.4
8.435 -2.72737 25.391 855.36 110.592
7.98395 -7.21789 47.508 732.672 77.76
-0.468608 1.17853 16.6823 589.248 243.648
-0.195167 1.32569 8.16019 589.248 319.68
-7.38931 0.168192 25.2713 392.256 193.536
-9.6815 0.36831 27.0599 343.872 198.72
-3.39237 1.31449 14.5857 437.184 255.744
-2.57982 1.4244 8.27198 362.88 324.864
-10.5794 -4.20095 33.474 376.704 95.04
-11.6077 -5.24071 32.698 349.056 69.12
-10.5916 -6.8631 33.5126 376.704 38.016
-9.99251 -4.57064 26.8839 335.232 63.936
-9.71568 -2.20156 32.1566 387.072 138.24
-10.7958 -2.29716 29.3748 338.688 131.328
-4.67529 0.819212 9.85033 238.464 254.016
-5.67018 0.492254 9.88868 162.432 228.096
-4.25017 0.785752 6.74163 98.496 283.392
-4.24063 0.708906 6.0823 38.016 285.12
-12.0482 -3.78309 24.4525 245.376 74.304
-14.2432 -4.25015 22.1049 131.328 46.656
-18.9657 -1.05717 26.9336 88.128 158.976
-15.3225 -1.89231 24.1979 139.968 129.6
-6.26697 -2.98307 45.4171 505.958 141.005
-5.03672 -2.59058 83.826 564.019 165.888
-10.133 -2.4386 37.1275 408.499 141.005
-0.703668 1.31542 8.69241 545.357 308.966
-15.4091 -4.55493 23.8627 130.637 45.6192
-3.1435 1.3398 12.0716 410.573 273.715
7.28674 -3.86077 26.8887 808.704 82.944
-11.8097 -4.56223 23.9009 242.611 47.6928
-4.2894 0.791259 6.78888 99.5328 282.01
-0.484601 1.16125 16.4376 586.829 242.611
6.24974 -8.7902 60.0565 684.288 82.944
2.37579 -7.3578 59.2855 636.595 97.4592
10.9632 -4.19557 23.8957 945.562 60.1344
-4.97839 1.14647 9.38828 186.624 279.936
-4.502 1.49012 8.0068 161.741 329.702
-4.1484 0.690618 6.91593 128.563 269.568
4.5513 0.0999328 25.8008 740.275 190.771
7.88966 -3.29701 53.6025 715.392 143.078
1.80716 1.15435 17.3658 684.288 238.464
0.939037 1.14067 16.1463 653.184 242.611
6.4921 0.270605 109.021 653.184 190.771
0.971606 1.34496 9.59308 688.435 300.672
-4.73303 0.813074 9.94284 238.464 252.979
-5.06544 -0.040198 23.7695 449.971 188.698
4.07108 -0.170444 38.1022 686.362 184.55
5.36871 -8.05405 143.966 634.522 147.226
-9.52597 0.0304709 27.9282 356.659 188.698
6.22526 -0.337854 26.3538 783.821 180.403
6.16609 -2.08934 25.7995 785.895 130.637
-4.05958 1.30123 12.6774 364.954 265.421
-3.93402 1.30158 11.4404 344.218 277.862
-2.08857 1.28285 16.833 514.253 244.685
-4.25261 0.0282194 25.8646 487.296 188.698
-9.47313 -4.29762 25.4865 333.85 64.2816
-10.3661 -2.34714 32.9442 377.395 136.858
-10.2035 -2.17937 27.8686 337.997 130.637
-9.93191 -4.75183 35.1371 402.278 89.1648
-4.45013 1.10514 10.3463 275.789 269.568
-13.3424 -2.05381 25.3607 219.802 128.563
10.5305 -1.32935 25.6776 912.384 151.373
8.25731 -1.86 25.6067 848.103 134.784
-10.3939 -0.0790876 25.659 308.966 184.55
-10.1273 -0.819832 21.6544 261.274 159.667
-10.9634 -2.00822 23.5825 263.347 124.416
-3.02211 -6.00804 153.068 593.05 161.741
-15.2111 -1.90777 23.9692 141.005 130.637
-1.44314 1.36746 8.48997 470.293 316.017
-3.13786 1.35416 12.05 410.573 273.715
-11.8419 -19.9563 176.637 562.36 106.998
-2.65204 -5.84321 32.7606 549.919 57.2314
1.52803 1.37473 8.46204 746.496 316.017
1.28307 1.41618 8.7172 721.613 318.505
-13.4906 -4.79098 24.9177 218.972 47.2781
-4.95177 1.14034 9.33809 186.624 278.692
2.71578 -7.85525 65.4961 637.01 97.0445
-0.550528 1.20547 17.0635 587.244 243.855
5.10614 -0.121802 27.2284 748.984 186.624
2.70904 -4.67971 98.3185 634.522 149.299
0.957533 1.34394 9.58578 686.776 298.598
0.517727 1.31916 10.1114 649.452 291.133
-10.2469 -4.62005 28.094 340.9 67.1846
1.72093 1.10583 16.9915 684.288 238.879
-4.05883 1.40331 13.3112 375.736 271.227
-4.83629 -7.32015 50.9819 539.966 84.6029
-4.77473 -6.27365 32.6291 497.664 49.7664
-7.79372 0.103732 26.7818 393.155 191.601
-9.08179 0.028815 26.4106 355.83 189.112
-4.38155 0.843343 9.65595 256.297 256.297
-2.17847 1.22907 15.0299 500.152 251.32
-9.79638 -2.1996 32.1278 378.225 136.858
-19.0024 -1.17415 27.0391 99.5328 159.253
-15.4936 -0.323632 25.2444 154.276 179.159
-14.6355 -2.17194 23.5791 149.299 119.439
-10.9255 -0.120239 26.879 308.552 184.136
-4.51688 -4.41922 71.8474 562.36 146.811
-7.19111 -4.4821 57.3147 517.571 131.881
-13.8435 -4.10428 21.3462 129.393 47.2781
-0.232448 1.33284 8.27507 587.244 318.505
-1.6895 1.49811 9.54854 475.269 316.017
3.48899 1.31907 12.6794 816.169 268.739
-12.176 -3.80178 24.5733 241.865 74.6496
-5.49602 -8.3187 57.9364 540.463 83.6076
-4.21687 -4.80706 30.2549 504.631 71.6636
8.0767 -1.34914 26.7795 833.09 158.257
6.37982 -0.342212 26.6937 788.3 179.159
-3.94908 1.38338 12.9513 376.234 271.725
-7.90916 0.143077 27.1785 394.15 191.103
7.82917 -3.27172 53.1915 716.636 143.327
-4.44967 0.840237 9.7761 256.795 256.795
0.980356 1.1365 16.0872 656.917 244.851
2.98996 0.761731 30.7898 677.818 206.033
-7.78663 -3.73201 34.2997 444.912 107.495
167.94 -281.627 6094.99 636.015 149.299
-3.99312 1.46033 9.56211 283.669 307.556
-4.57887 1.33454 10.9284 283.669 277.697
-2.19317 1.20475 14.9875 498.659 250.823
-3.36792 0.565423 34.4915 537.477 200.061
-9.296 -4.29549 28.5341 370.262 77.6356
-10.2117 -4.5827 28.1046 340.402 65.6917
-10.6129 -0.153646 26.1995 307.556 182.145
-10.1055 -1.84929 23.6477 292.626 131.383
8.63535 -2.45153 25.461 851.006 131.383
7.729 -0.875182 13.0482 1063.01 134.369
-13.6452 -0.410084 26.2838 226.935 173.187
-12.8515 -2.01757 24.4925 220.963 128.397
-4.2065 0.760794 6.68712 98.5375 283.669
-3.13118 -6.30222 34.5263 549.421 59.7197
-1.47567 1.3862 8.6813 474.772 316.514
-3.69976 -0.204446 45.7032 558.379 188.117
3.22385 -9.76042 80.4481 639.001 101.523
7.4006 -5.28892 29.4234 794.272 56.7337
1.50586 1.39611 8.7434 746.496 316.514
-3.82464 1.28798 13.0802 386.984 265.155
-4.00342 1.40242 13.1295 361.901 265.155
-11.5837 -0.246416 28.4984 308.154 182.742
9.60877 -1.69225 23.7522 910.128 136.161
0.987411 1.14835 16.5815 655.722 243.656
2.42555 0.750097 36.4719 655.722 200.658
2.24792 0.428809 39.5991 652.139 197.075
-8.03809 0.108018 27.8882 397.733 189.909
-8.99127 0.0282988 25.9374 351.152 189.909
-9.06825 -4.36858 35.1999 419.232 96.7459
-10.1911 -2.23719 32.6769 376.234 136.161
-16.1268 -0.403529 23.7464 103.912 175.576
-19.9511 -0.426063 27.308 68.0805 175.576
-18.8379 -1.16629 26.8582 93.1627 139.744
-19.3951 -1.15773 27.5434 89.5795 154.077
-3.52993 1.4768 9.49694 318.903 304.57
-4.55945 1.22871 10.6695 283.071 279.488
-8.77609 -3.95359 24.2464 340.402 68.0805
-10.4849 -1.21221 22.2209 257.989 157.66
-11.5399 -1.75979 22.11 222.157 128.995
-13.1927 -0.105219 23.5214 193.492 186.325
-15.2139 -0.318512 24.8451 157.66 179.159
-2.2194 1.24372 16.9379 498.062 250.823
-3.63441 -1.65633 83.7571 576.892 171.993
-1.13567 -7.93315 88.8068 598.391 125.411
7.2745 -0.3766 12.7604 1042.71 164.826
7.68288 -1.24792 25.4737 831.298 157.66
-8.52679 -0.862519 36.0152 437.148 171.993
-14.3976 -2.13662 23.1958 146.91 118.245
-5.11417 1.15223 9.54418 193.492 283.071
-4.2494 0.776234 6.74042 96.7459 279.488
-4.84525 0.818193 10.1786 240.073 254.406
-5.45134 -4.5349 50.7655 530.311 121.828
10.0583 -4.29834 68.3365 716.636 139.744
8.20929 -7.39414 46.5376 738.135 75.2468
2.27939 -7.2458 61.1236 637.806 100.329
7.27631 -3.94704 26.7131 809.799 78.83
4.49581 0.0263519 24.1529 745.302 189.909
