-4.51407 0.89643 10.1029 262 260
-0.655529 -7.22279 90.7468 601 132
-2.0215 -7.07955 75.7141 589 123
-4.42691 0.930723 9.19231 233 271
-4.56591 0.850675 8.89029 206 267
-9.96768 0.951071 24.6068 309 220
-4.23638 1.39597 12.2701 344 278
3.48908 1.01082 24.3966 714 222
4.08909 -3.5648 39.2939 684 125
5.54391 -8.39683 57.9194 678 85
-5.01179 0.156521 23.5178 450 196
-3.2284 -9.14748 88.6028 582 116
-4.34728 0.103284 26.666 487 193
-11.6257 -0.62474 22.2153 220 170
-6.83494 -5.8791 76.5404 544 135
7.61831 -2.20406 12.6534 1068 59
1.51362 1.44841 7.78267 763 340
-1.98897 1.47306 7.2141 388 355
-3.80625 1.51466 8.13863 240 338
-3.96771 1.50054 7.50201 189 351
-4.44178 1.12278 8.98948 222 289
-3.88512 1.45959 9.06199 273 318
-4.12197 0.64487 5.95967 43.2 280.8
0.909402 1.3583 9.78531 680.4 300
0.706604 1.39044 8.94159 669.6 313.2
5.14561 -9.81295 143.33 634.8 141.6
2.8495 -5.66636 58.8493 643.2 121.2
2.16981 -6.18125 56.0928 636 110.4
-5.1594 1.13927 8.82658 154.8 292.8
-8.01661 0.901062 23.3129 360 214.8
-4.31295 0.904152 8.92988 232.8 270
-10.1905 -4.58686 28.3722 344.4 72
-4.07069 -6.31894 31.0665 512.4 42
-3.90593 1.43651 9.94993 304.8 304.8
-4.25976 1.39616 10.5886 297.6 292.8
-10.1448 -2.08086 27.0908 332.4 134.4
-10.5464 -7.27061 36.241 396 43.2
-10.0955 -11.0318 47.9995 454.8 24
-10.127 -4.91012 38.2762 415.2 97.2
-9.53647 -4.54029 33.5729 400.8 92.4
-9.94035 -2.50635 36.6083 410.4 141.6
-9.27177 -3.55055 34.8605 414 117.6
-11.6974 -0.657937 22.293 219.6 169.2
3.28056 0.734814 5.04107 1156.8 315.6
3.11411 1.03408 5.86317 1046.4 337.2
7.38074 -0.447951 9.99551 1182 157.2
3.14007 0.511974 8.03846 914.4 238.8
3.64615 0.364888 54.8256 656.4 196.8
0.475006 1.38268 8.36766 651.6 321.6
1.58538 1.43109 8.5172 754.8 325.2
0.995641 1.36668 8.34105 702 320.4
1.08853 1.35464 9.11921 699.6 308.4
2.38324 -6.97336 57.4764 638.4 102
9.34117 -10.1595 56.5198 729.6 58.8
-0.711827 1.4277 7.28993 530.4 349.2
-1.44947 1.33136 10.0972 495.6 294
-1.41628 1.4336 7.81997 464.4 337.2
-2.1489 1.4587 8.07952 398.4 334.8
-10.5812 -2.28836 32.7587 372 140.4
-3.87773 1.44869 7.29352 188.4 350.4
-3.81474 1.46646 9.10463 282 316.8
-6.05756 0.239454 9.16367 92.4 211.2
-4.59751 0.206531 6.51615 37.2 217.2
-5.5764 0.512007 9.02453 124.8 237.6
-4.83724 1.57693 7.77579 114 351.6
-9.9277 -4.36998 25.2897 318 63.6
-10.4547 -1.78696 23.6937 282 134.4
5.11589 0.0639203 25.7521 756 192.96
-10.3467 -1.80112 23.4488 282.24 135.36
-10.2992 -4.99362 38.9272 414.72 97.92
-9.80121 -4.40078 25.8848 329.76 66.24
9.05339 -2.14506 24.3925 884.16 126.72
-3.8953 1.38785 11.2369 347.04 280.8
-3.87265 1.34801 11.0387 335.52 289.44
-18.4247 -0.995543 25.3636 70.56 161.28
-10.3556 -2.08563 27.6538 332.64 135.36
3.43303 0.499286 7.83926 956.16 243.36
7.46497 -0.4879 9.95947 1192.32 154.08
1.79529 1.23239 16.1709 692.64 249.12
0.974667 1.22951 15.2955 656.64 252
3.06136 0.962777 27.9248 689.76 216
0.473603 1.36699 8.34296 652.32 321.12
1.52309 1.457 7.88778 764.64 339.84
1.00566 1.38484 8.5243 701.28 321.12
7.74828 -0.63632 25.1114 838.08 172.8
6.17301 -1.89562 24.6792 794.88 135.36
-2.1703 1.27838 15.1186 501.12 254.88
-0.101685 1.13463 17.4339 604.8 240.48
-0.690161 1.40738 8.1076 541.44 329.76
-10.2369 0.497245 27.9599 338.4 204.48
-2.60578 1.48097 7.67092 338.4 345.6
-3.16027 1.44624 11.5793 398.88 288
-2.47148 -5.20403 32.1897 552.96 72
-2.50677 -5.82336 32.6494 551.52 61.92
-9.65873 -0.854537 31.9681 387.36 171.36
-4.60646 0.845752 8.96925 207.36 266.4
-4.5627 0.889114 10.18 262.08 259.2
-10.5961 -0.00669874 22.3249 256.32 191.52
-3.7853 1.49506 8.09383 239.04 338.4
-4.68753 1.43167 8.59184 181.44 321.12
-3.71335 1.5026 9.49301 302.4 315.36
-4.34921 1.13965 9.43998 249.12 285.12
-5.62313 0.527768 9.07971 125.28 237.6
-4.17646 0.794556 6.29152 70.56 295.2
-11.8749 -4.51909 23.5037 236.16 48.96
-13.18 -1.94261 24.4068 208.8 131.04
-15.3467 -1.85456 23.7151 129.6 133.92
-18.5012 -0.969819 25.6161 72.576 162.432
-10.584 -0.736855 21.0065 235.008 164.16
-9.50156 -2.39571 34.9923 409.536 141.696
-6.02749 -5.01259 66.4628 540.864 136.512
-5.10081 -4.33036 79.3791 561.6 152.064
-8.07613 -2.33557 66.5831 518.4 164.16
-7.49747 -3.42416 53.2607 506.304 145.152
3.11429 1.03414 5.8635 1045.44 338.688
7.45073 -2.15557 12.375 1067.9 58.752
7.59863 -0.510739 10.1378 1190.59 155.52
7.5784 -2.14227 12.7045 1062.72 67.392
10.4545 -1.81475 24.9838 919.296 138.24
3.50651 1.38055 11.8449 836.352 281.664
1.81145 1.25051 16.1146 691.2 248.832
0.975129 1.23009 15.3028 656.64 252.288
0.482179 1.39174 8.49403 651.456 321.408
1.49897 1.41356 7.65261 763.776 340.416
1.00306 1.38127 8.50231 699.84 319.68
7.83418 -3.94877 28.045 815.616 88.128
8.72122 -2.64711 25.2991 864 115.776
6.98062 -6.22379 34.8944 755.136 60.48
5.33185 -0.47289 65.1763 668.736 184.896
8.1158 -2.77219 50.8164 718.848 150.336
-2.17222 1.27952 15.132 501.12 255.744
-0.414338 1.24746 15.5188 589.248 252.288
-0.251151 1.4379 7.78438 582.336 340.416
-7.24711 0.262154 24.2091 385.344 200.448
-10.5013 0.508159 28.5735 338.688 203.904
-3.31712 1.36012 14.0108 425.088 267.84
-3.83111 1.40795 10.7919 335.232 293.76
-1.42255 1.41812 7.79472 464.832 338.688
-3.15624 1.42831 11.5645 399.168 288.576
-2.93075 -5.98681 31.8281 540.864 53.568
-1.08325 -7.82947 95.0467 601.344 131.328
-10.1478 -4.56764 28.2533 343.872 72.576
-9.27158 -4.16298 24.4861 328.32 67.392
-9.51406 -2.04009 31.0602 383.616 141.696
-4.61754 0.850089 9.01524 207.36 266.112
-4.66972 1.41073 8.53743 181.44 321.408
-4.428 0.912887 9.14176 231.552 271.296
-3.69136 1.48058 9.43679 302.4 316.224
-3.92615 1.44395 10.0015 305.856 304.128
-4.31339 1.13026 9.36225 259.2 286.848
-6.04016 0.225581 9.11817 91.584 212.544
-4.56459 0.194518 6.41887 38.016 217.728
-5.20743 0.57698 9.2614 171.072 240.192
-4.21105 0.799462 6.33037 69.12 295.488
-5.15613 1.15081 8.82099 150.336 295.488
-11.4001 -4.50112 22.7518 235.008 48.384
-9.93733 -0.697116 20.6943 250.56 165.888
-19.5639 -5.07006 26.1798 55.296 46.656
-15.772 -4.61097 23.8093 119.232 46.656
-15.5896 -1.87184 23.9361 129.6 134.784
3.27745 0.960584 8.76471 903.744 278.208
-9.71319 -0.735538 20.1691 248.832 163.814
-0.682852 1.34812 7.89275 541.21 327.629
-1.5102 1.38714 10.5203 495.59 294.451
7.62565 -2.21129 12.6949 1065.83 60.1344
-6.08131 0.239386 9.16104 91.2384 211.507
-14.0664 -4.13319 21.19 118.195 47.6928
7.61414 -3.9137 27.2574 814.925 87.0912
1.0044 1.43383 8.82583 698.803 319.334
1.48967 1.29303 9.4094 736.128 300.672
3.11224 0.983709 5.95319 1032.65 329.702
-15.0416 -3.33091 21.924 101.606 78.7968
-4.46455 0.920424 9.21723 230.17 269.568
-4.64181 0.864816 9.03808 207.36 265.421
-4.22674 0.739022 6.34069 68.4288 286.157
-11.9721 -3.64598 23.5662 234.317 76.7232
-12.8623 -4.86803 25.3185 232.243 47.6928
6.28246 -8.44255 58.799 686.362 89.1648
2.85195 -8.73347 71.1677 638.669 101.606
8.47988 -4.13129 24.5001 868.839 62.208
8.1321 -7.05104 46.8387 736.128 80.8704
-5.45638 1.4206 9.05452 136.858 313.114
-5.27302 1.17411 8.99954 159.667 292.378
0.477309 1.38938 8.40824 653.184 321.408
0.892055 1.33908 9.74451 671.846 292.378
1.85184 1.28734 16.892 688.435 246.758
3.1087 0.324686 48.7851 653.184 194.918
5.97398 -0.177231 24.4269 790.042 184.55
5.85985 -1.8197 23.6908 792.115 134.784
-0.394904 1.2543 15.6039 588.902 250.906
4.33287 0.156089 23.4529 752.717 192.845
-5.67595 0.534561 10.1702 174.182 230.17
5.35913 0.767262 12.3157 953.856 242.611
-4.52123 0.869699 10.1189 261.274 259.2
-10.0811 -0.0409622 24.2214 300.672 190.771
10.0964 -1.13336 23.8114 922.752 155.52
5.25207 -7.48722 140.838 636.595 153.446
-3.98431 1.36231 11.9742 352.512 277.862
-10.1822 -4.79199 33.7008 387.763 87.0912
-9.70317 -4.2896 25.439 327.629 66.3552
-2.19134 1.31201 15.2652 510.106 255.053
-2.18472 1.28688 15.2191 501.811 255.053
-4.30609 0.0997518 25.7541 485.222 194.918
-3.96342 1.40165 10.7436 325.555 290.304
-5.00346 -7.35305 52.7441 537.062 89.1648
-15.5671 -1.84376 24.004 126.49 132.71
-10.3952 -2.22251 32.4625 373.248 141.005
8.50317 -1.81197 23.1705 881.28 128.563
6.84909 -10.2767 455.577 617.933 174.182
-12.7608 -1.88081 23.6304 209.434 130.637
-6.25995 -3.66473 50.4525 516.326 136.858
3.31274 0.999291 8.89215 888.33 271.227
6.21317 -8.18765 58.1505 686.776 87.0912
2.54559 -7.53379 61.3917 639.498 102.021
-12.6569 -4.49489 23.3778 209.019 49.7664
-4.21814 0.735983 6.31462 67.1846 286.157
7.22463 -6.7325 36.8835 753.961 59.7197
-0.455843 1.22139 15.4621 587.244 251.32
8.85061 -3.46577 59.0157 721.613 146.811
0.484746 1.36568 8.33499 654.428 320.993
-5.60048 1.45812 9.29365 136.858 313.528
-5.21922 1.16213 8.90771 149.299 293.622
5.01551 0.0279366 25.6055 753.961 194.089
-5.64333 0.54234 9.11233 124.416 236.39
-10.5117 -0.0427117 25.2559 301.087 189.112
-4.12877 1.36589 12.1543 350.853 286.157
-7.94276 0.214495 26.6568 388.178 199.066
6.0879 -1.91399 24.4751 793.774 134.369
-9.05576 -4.41271 34.7758 415.549 97.0445
-3.98767 1.41022 10.8093 325.97 291.133
-4.46833 1.12368 9.75747 258.785 288.645
-10.0675 -4.45423 27.0856 335.923 69.673
-5.96823 -8.8584 62.9143 539.966 87.0912
-5.01472 -6.19898 32.7141 500.152 49.7664
-1.71768 1.20759 15.0228 520.059 253.809
-2.10436 1.2471 15.2505 495.176 261.274
8.25913 -1.75658 24.6551 858.471 139.346
-10.4474 -2.24342 32.768 373.248 141.834
-15.0341 -0.206197 23.8471 141.834 184.136
-15.0943 -2.18135 23.6814 139.346 121.928
-0.839515 -6.06782 73.661 599.685 131.881
-7.69443 -1.4116 50.1955 497.664 171.694
-7.05861 -4.243 56.2587 517.571 136.858
-16.7948 -4.85431 25.2472 116.951 47.2781
-3.25677 1.33538 13.7559 427.991 263.762
0.848251 1.42629 8.15122 696.73 318.505
-4.16464 1.36629 12.3103 349.36 277.697
-10.398 -4.67828 27.9748 328.458 65.6917
-4.21233 -4.66229 29.3437 504.631 74.6496
10.5066 -4.07642 69.414 722.608 146.313
-5.29357 1.16612 9.03461 149.299 295.612
-4.49992 0.906977 9.21089 226.935 268.739
-3.84741 1.34172 10.5084 328.458 289.641
-5.5981 0.511695 9.01903 125.411 235.893
-6.13293 0.221929 10.1072 140.341 209.019
-7.90504 0.214478 26.6547 388.178 197.075
-9.60443 0.106459 27.4857 349.36 194.089
-10.1262 -1.7418 23.0948 292.626 134.369
-2.14391 1.27199 14.1141 507.617 253.809
-3.39504 0.715078 34.7692 534.491 206.033
0.999989 1.23962 15.6929 656.917 250.823
1.01493 1.2224 14.9483 650.945 256.795
-0.890806 -7.45752 89.028 600.183 131.383
-10.6641 -0.774013 21.2241 247.837 164.229
-6.80451 -3.00287 48.8205 519.561 134.369
-12.1069 -3.67695 23.7664 232.907 74.6496
-4.23829 0.741041 6.35802 68.6776 286.655
-6.04131 0.225151 9.1008 89.5795 212.005
-1.60325 1.42164 9.06112 471.786 316.514
-2.04085 1.25247 13.6863 495.673 262.767
6.27916 -5.72162 31.8307 752.468 59.7197
0.844689 1.4203 8.11699 695.734 316.514
3.25659 0.999212 8.67664 898.781 262.767
3.31703 1.31508 11.4195 830.104 280.683
7.61313 -2.17744 12.7035 1066 62.7057
0.344501 1.25045 10.8583 627.057 290.238
1.00028 1.23486 15.3621 659.305 254.406
-15.2468 -0.209578 24.2381 143.327 186.325
-4.37125 1.13222 9.48782 250.823 283.071
-4.43876 0.89465 9.0857 225.74 268.739
3.34528 -8.85727 75.6046 641.39 125.411
8.75631 -4.07605 24.9974 867.13 68.0805
-9.16984 -4.3471 35.0268 419.232 100.329
-8.08088 0.145488 27.6365 386.984 197.075
-9.48146 0.142275 27.0262 347.569 193.492
-12.4776 -2.65619 38.7969 372.651 139.744
4.70834 0.196204 24.3836 748.885 197.075
9.78776 -1.96629 24.7044 902.962 132.578
7.67349 -0.924857 24.4285 838.464 161.243
-9.84706 -0.793396 20.2135 247.24 164.826
-13.0832 -0.419263 24.6724 214.991 179.159
-10.1561 -0.762473 20.9076 250.823 154.077
-9.51464 -4.34091 28.8358 372.651 93.1627
-9.98833 -2.8946 28.8137 351.152 114.662
-10.1756 -4.46397 27.3765 343.985 71.6636
-11.3807 -0.121911 27.2528 300.987 186.325
-15.3005 -0.310011 21.8148 93.1627 179.159
-19.413 -1.16943 26.9304 75.2468 157.66
-1.03749 -6.79585 81.1289 598.391 128.995
-5.45484 -4.53781 50.7981 530.311 128.995
-14.5976 -2.12751 22.7532 136.161 121.828
-14.0466 -4.06618 26.2823 232.907 75.2468
-5.0381 1.19229 8.76508 154.077 297.404
-4.10591 0.779503 6.17232 68.0805 290.238
-5.73703 0.524394 9.24287 125.411 236.49
-3.99488 1.46923 10.1765 318.903 304.57
-8.95891 0.132335 25.138 329.653 197.075
-6.02266 -9.16185 64.4328 541.06 85.9964
-3.95666 1.4618 12.2496 361.901 283.071
-0.425781 1.21843 15.1576 594.808 254.406
-2.09963 1.32441 16.1958 505.229 254.406
-4.55676 -0.575764 66.588 558.976 193.492
8.08597 -6.81309 44.4368 738.135 78.83
2.88285 -8.24177 69.5253 637.806 103.912
7.34793 -3.90379 26.174 816.965 82.4132
3.00135 0.928163 45.13 655.722 207.825
7.33561 -2.08837 12.1838 1064.2 68.0805
