3.5013 1.20585 23.5652 719 228
5.60041 -7.92644 56.857 680 88
-9.71351 1.13308 23.4164 300 225
8.34218 0.297017 21.8219 893 200
-9.60312 -5.98549 29.2272 368 40
-4.41874 0.28618 26.4278 486 198
-4.92722 0.338035 22.5326 446 201
-11.5482 -0.453814 21.4402 208 174
-2.59431 -5.14538 182.966 598 169
-9.60912 -2.00687 38.7646 427 152
-6.29462 -5.00198 71.6051 544 139
8.60014 -8.84079 50.7545 732 62
-0.738205 -6.3435 85.6902 604 136
-20.0315 -1.93269 26.6075 51 136
2.83478 -5.08381 56.9102 644.4 124.8
2.2403 -5.84942 55.9045 637.2 114
-6.22472 -4.92872 27.4196 440.4 57.6
-11.642 -12.2517 54.63 454.8 26.4
7.66853 -0.405864 23.8839 846 176.4
8.26992 -1.0765 24.7903 855.6 158.4
8.75535 -0.348456 22.3338 898.8 178.8
-10.2046 -1.8855 19.8693 225.6 118.8
-9.68125 -0.622198 31.4632 382.8 176.4
-10.1278 -1.59505 22.3879 272.4 138
-9.83232 -1.82988 25.6839 326.4 136.8
-14.3845 -0.998721 23.7604 159.6 158.4
-8.9429 -4.02339 31.0274 397.2 94.8
8.32963 0.29657 21.7891 892.8 200.4
-15.8588 -0.163083 22.477 86.4 184.8
-9.47867 -3.34689 35.2694 411.6 121.2
-4.91173 0.305725 22.4617 446.4 200.4
-11.3103 -0.472457 20.9444 207.6 174
7.57273 -2.07418 11.8134 1098 55.2
9.59399 -4.60223 22.6264 921.6 39.6
10.2999 -1.56469 23.8223 928.8 141.6
4.08782 0.903234 60.2074 658.8 200.4
5.09538 0.266546 24.6147 762 198
8.75779 -3.79274 24.5149 873.6 75.6
7.51802 -5.07454 22.3499 856.8 22.8
7.96063 -6.42892 44.7748 738 85.2
8.39749 -8.77036 49.5586 732 62.4
-0.101742 1.35366 17.4437 604.8 247.2
-6.03849 0.581111 22.2385 405.6 208.8
-3.96646 1.57599 8.53195 243.6 334.8
-4.80943 0.980416 8.61752 170.4 279.6
-4.27726 1.47245 9.91234 274.8 306
-17.5902 -3.3947 23.1933 46.8 81.6
5.67257 -5.93192 132.364 637.92 158.4
-10.1228 0.158688 23.8434 292.32 194.4
-3.27695 -5.02136 178.556 596.16 169.92
-4.92773 0.273632 22.3925 444.96 200.16
-9.48922 -2.12773 34.5925 407.52 145.44
-10.1058 -0.571948 20.3381 239.04 172.8
-10.4929 -0.601348 20.3756 226.08 167.04
3.1801 1.19668 27.9442 694.08 221.76
1.83648 1.38123 15.5666 698.4 256.32
5.127 0.233746 24.7674 761.76 197.28
0.918746 1.44845 9.07117 688.32 315.36
1.00536 1.42929 7.62294 712.8 339.84
5.7065 -1.53396 21.9593 802.08 136.8
5.66992 -6.68091 50.4393 688.32 95.04
2.43272 -6.57121 56.7652 639.36 105.12
8.20468 -6.62601 46.1475 738.72 84.96
6.86376 -5.7756 33.1574 760.32 63.36
7.59157 -3.44035 49.2499 720 139.68
-2.12358 1.37551 14.3752 495.36 263.52
-4.30903 0.54488 33.2383 512.64 201.6
-0.0749803 1.28656 16.8817 604.8 247.68
-10.0489 0.701211 26.8346 332.64 210.24
-5.19229 1.47198 20.0465 414.72 244.8
-3.95038 1.43356 10.8723 329.76 292.32
-4.15792 -6.2555 31.3988 511.2 43.2
-2.47356 -5.61175 32.2168 551.52 61.92
-9.68761 -4.15149 25.033 324 67.68
-9.20542 -4.1415 31.9382 397.44 95.04
-9.80334 -0.632906 32.0046 383.04 175.68
-9.82095 -1.90158 31.6312 380.16 145.44
-4.47878 0.970306 9.32696 234.72 270.72
-4.33286 0.993314 8.32378 198.72 283.68
-6.03787 0.302183 8.42473 46.08 218.88
-5.05438 1.24934 8.10671 118.08 312.48
-11.3751 -4.20495 22.0292 226.08 48.96
-13.1599 -4.50094 23.5799 195.84 48.96
-10.2341 -4.32501 25.4391 312.48 64.8
-13.5442 -0.109105 24.39 197.28 187.2
-9.63379 -0.966363 22.2541 288 158.4
-10.1035 -1.56017 22.3344 273.6 136.8
-19.3212 -0.559283 24.7935 31.68 174.24
-19.1868 -1.85462 25.5326 53.28 136.8
-15.5005 -1.69256 23.3016 116.64 136.8
-8.31472 -0.545648 47.743 482.112 183.168
-6.82636 -0.50397 58.2849 523.584 183.168
-10.0008 -2.23112 36.2734 406.08 145.152
-9.49491 -0.859223 38.0901 426.816 172.8
7.44097 -2.05871 11.6331 1097.28 57.024
12.5627 -3.88591 22.3088 1026.43 60.48
1.84085 1.37908 15.7899 696.384 255.744
1.04799 1.51695 8.03088 711.936 340.416
7.59688 -3.55395 26.2795 822.528 89.856
9.09462 -2.98243 25.4577 874.368 103.68
8.70632 -1.86249 22.6099 893.376 131.328
5.98567 -7.29134 53.9154 687.744 95.04
-2.11162 1.38765 14.2943 495.936 264.384
-4.40767 0.352934 25.9302 483.84 200.448
-9.97363 0.658911 26.6337 331.776 209.088
-3.03526 1.49134 10.4302 385.344 300.672
-2.82954 -5.56769 30.2715 539.136 55.296
-2.55513 -5.24127 33.2791 552.96 74.304
-2.47544 -5.47203 31.6675 549.504 63.936
-0.87137 -7.62851 101.148 601.344 134.784
-10.0873 -3.69777 30.8315 368.064 101.952
-10.0509 -4.3235 27.4518 338.688 74.304
-10.1702 -4.66807 38.0394 412.992 100.224
-9.96485 -1.91574 30.4571 368.064 145.152
-4.50361 0.962637 9.37865 235.008 271.296
-3.89249 1.52499 9.22891 279.936 319.68
-3.81119 1.50917 10.0653 314.496 307.584
-5.63904 0.604343 8.38932 82.944 247.104
-5.94364 0.297466 8.29325 44.928 219.456
-4.71156 0.951092 8.46325 171.072 279.936
-9.71755 -4.1146 25.0204 323.136 67.392
-9.90356 -0.560503 19.9311 238.464 167.616
-14.6321 -3.1835 21.5456 105.408 81.216
-15.7742 -1.68946 23.713 115.776 136.512
-13.5191 -4.13949 21.072 130.637 41.472
-2.57162 -5.44507 31.7672 547.43 64.2816
1.65655 1.46484 9.17378 746.496 315.187
-1.48057 1.43559 9.48652 487.296 306.893
-2.11211 1.38797 14.2976 489.37 271.642
6.07372 -7.4154 55.4027 688.435 91.2384
2.78035 -7.60048 64.8769 640.742 105.754
7.3806 -1.9184 11.6656 1096.93 58.0608
-5.3191 1.4425 8.11486 93.312 331.776
-11.6273 -3.40277 22.397 226.022 76.7232
-5.5752 0.59874 8.31155 80.8704 246.758
-15.1325 -3.31657 22.2368 105.754 80.8704
-15.2403 -4.30598 22.3953 103.68 47.6928
-10.0364 -4.11515 24.6074 306.893 66.3552
-4.75802 0.960471 8.54671 172.109 277.862
6.45603 -5.50652 31.6126 758.938 62.208
1.84106 1.38487 16.378 694.656 255.053
0.990345 1.35512 14.5863 659.405 259.2
3.04265 0.58348 47.7486 657.331 201.139
8.93083 -3.84014 58.4659 719.539 138.931
-3.86165 1.43391 9.83714 302.746 304.819
-3.70219 1.5865 8.7202 275.789 331.776
9.60503 -3.38604 22.2869 928.973 76.7232
-0.378683 1.39011 14.963 588.902 259.2
10.927 -12.4963 800.936 620.006 178.33
10.3153 -0.990082 23.5548 933.12 159.667
10.0828 -1.5268 23.2454 931.047 141.005
-10.7482 -4.90783 39.9932 412.646 99.5328
-14.0148 -13.9192 70.3573 470.707 43.5456
-10.1727 -6.51917 35.9891 402.278 58.0608
-15.4075 -1.70394 23.0174 114.048 136.858
-9.14071 -4.07716 29.8414 383.616 89.1648
-9.37576 -4.05112 27.9437 360.806 82.944
-9.97891 -6.23022 30.6303 369.101 41.472
-4.50359 0.959854 9.35154 234.317 269.568
-1.98208 1.41732 14.8122 518.4 261.274
-4.27602 0.307398 25.1557 483.149 199.066
8.5616 -1.78906 22.4777 891.648 130.637
-9.72059 -1.5795 22.1696 286.157 138.931
-9.59009 -1.89137 30.7498 379.469 145.152
-15.7582 -0.16173 22.2905 85.0176 184.55
-18.6933 -0.842663 25.0149 60.1344 165.888
-9.98928 -0.617827 19.9916 238.464 167.962
-7.33617 -3.95925 57.8297 516.326 138.931
3.55753 1.48927 11.1769 854.323 292.378
3.24513 1.01788 7.88615 935.194 292.378
7.7354 -3.67365 26.888 823.634 89.5795
-5.01342 1.3228 8.0053 119.439 323.482
-4.78115 0.953193 8.58826 171.694 278.692
-14.5759 -4.10147 21.3317 104.509 47.2781
-24.551 -6.16754 32.0772 47.2781 47.2781
-0.422782 1.37734 15.0509 587.244 261.274
6.91705 -5.98764 34.1023 758.938 62.208
-12.727 -3.54415 23.3275 204.042 77.1379
-11.6536 -4.29304 22.328 221.461 49.7664
-5.67755 0.596719 8.44661 82.1146 246.344
-9.80622 -4.17232 25.1586 320.993 67.1846
6.03428 -1.67228 23.4719 801.239 136.858
-3.86922 1.45044 9.85642 306.063 303.575
-3.86162 1.51791 9.18603 283.669 318.505
0.995537 1.36222 14.6628 661.893 258.785
4.98186 0.300137 24.5615 758.938 201.554
-10.0702 -4.62216 37.6653 413.061 99.5328
-9.83896 -6.38512 34.9804 403.108 57.2314
7.71276 -0.739167 23.918 851.006 166.717
8.42665 -1.55276 24.1522 868.424 139.346
-6.97492 0.464098 22.5658 383.201 201.554
-15.6811 -0.0408919 24.1798 129.393 189.112
-9.79955 -4.18402 25.8804 330.947 72.1613
-5.4503 -7.84987 57.4544 537.477 92.0679
-4.76779 -6.05869 31.9737 500.152 49.7664
-10.6409 -2.009 32.6622 368.271 144.323
-3.13435 -4.80285 170.786 597.197 171.694
-0.995407 -6.58708 87.3393 602.174 134.369
-10.3823 0.128317 24.3748 293.622 181.647
-9.87192 -1.56438 21.9574 276.204 136.858
-7.53269 -3.34371 32.3873 437.944 114.463
-2.50148 -5.38253 30.9008 549.919 62.208
-3.29281 1.42142 13.1362 418.038 273.715
2.9526 -7.72474 66.7299 639.498 104.509
1.6322 1.47745 9.25275 744.008 313.528
7.60746 -2.08073 11.9454 1097.35 57.2314
-6.80987 -3.08202 29.4556 438.94 113.467
-2.34812 -4.85918 30.5829 543.449 77.6356
-4.09681 -4.41533 28.539 504.631 77.6356
8.27204 0.321116 21.4048 895.795 203.047
-4.49123 0.980513 8.51427 197.075 283.669
-10.6361 -3.36453 26.8093 313.528 95.5515
7.33517 -0.351238 40.6212 740.524 182.145
7.76392 -2.67529 49.0403 722.608 152.285
-10.3647 0.195162 24.2541 292.626 194.089
-14.9461 -0.00694505 23.1457 131.383 188.117
-3.57729 0.294106 44.1903 546.435 194.089
-4.36876 0.309007 25.2874 480.743 200.061
-14.327 -1.96504 21.9975 125.411 125.411
-6.9136 0.434773 22.6736 385.192 203.047
-9.46432 0.321997 26.3504 343.388 200.061
-9.1812 -4.15579 30.1103 385.192 89.5795
10.2214 -1.59291 23.2665 934.613 140.341
-0.911758 -6.87236 91.1219 603.169 134.369
-13.3369 -0.210834 24.3833 206.033 182.145
-7.51153 -0.969043 49.0024 498.659 170.201
-7.0039 -3.82183 55.8226 519.561 137.355
-5.52776 0.570717 8.24082 80.6216 247.837
-2.52841 -5.48393 31.2335 549.421 62.7057
-4.01177 1.4429 11.3008 334.43 289.641
-0.401717 1.35597 15.0461 585.253 259.781
-2.03163 1.39044 13.0173 501.645 262.767
6.76866 -5.89964 33.6012 755.454 62.7057
7.63335 -2.05446 11.986 1095.86 59.7197
7.41275 -2.53204 46.4143 713.053 171.993
7.83694 -2.93281 49.9404 727.386 132.578
4.31188 -4.97175 107.599 637.806 146.91
2.16303 0.35833 92.5144 623.474 193.492
-11.5567 0.773589 21.5674 211.408 218.574
-14.6449 0.0247441 22.6793 132.578 189.909
-6.62527 -3.45798 33.4941 462.23 114.662
-8.48904 -3.84393 32.4263 415.649 103.912
-10.0633 -2.79738 28.2369 347.569 118.245
-9.1087 -4.03512 30.1476 383.4 89.5795
-10.9668 -2.155 33.5196 369.068 143.327
-10.3266 0.160829 24.165 290.238 193.492
8.43871 -0.772336 26.1692 849.214 164.826
8.13483 -0.853486 25.3362 859.964 154.077
-7.47079 0.401646 24.5009 386.984 200.658
-9.53813 0.285356 26.3518 340.402 200.658
9.91193 -1.7892 24.1692 913.711 136.161
-4.97962 0.304757 28.1433 480.146 200.658
-18.4773 -0.223359 25.8318 82.4132 186.325
-14.6666 -1.99882 22.3755 121.828 125.411
2.70251 -2.56712 164.537 616.307 179.159
-1.08443 -6.74947 84.8001 598.391 132.578
-10.0215 -0.590276 20.0004 232.907 168.41
-13.0818 -0.2068 23.9168 204.241 182.742
-5.30831 -3.93455 49.4335 530.311 132.578
-11.9211 -3.53369 22.8404 222.157 75.2468
-4.57028 0.992535 8.61866 193.492 283.071
-5.46421 0.575487 8.14607 82.4132 247.24
-3.83977 1.42736 9.8865 315.32 300.987
-5.15975 -7.61879 55.2011 537.477 89.5795
-3.73282 1.50142 11.7592 358.318 286.655
-2.06925 1.39993 14.8463 501.645 261.572
3.78637 -10.4437 91.3153 641.39 107.495
8.81902 -3.97883 24.4012 874.296 71.6636
7.32754 -3.62208 25.2264 824.132 82.4132
1.00122 1.32898 14.7465 662.889 261.572
4.79618 0.401398 24.4857 756.051 200.658
10.0529 -3.92226 22.883 949.543 68.0805
