3.70948 1.41948 23.8498 722 230
-2.80242 1.53953 7.53963 312 347
-4.22907 1.55041 9.15159 250 317
7.9721 -1.97757 47.048 731 156
-9.91279 1.2838 23.1967 291 227
5.55809 -7.42144 54.8774 681 88
8.26062 0.427307 20.7769 903 202
-15.4699 -12.0699 53.1598 396 21
-11.3388 -0.318574 20.4186 195 174
-11.9745 -0.815729 20.7825 180 156
-5.01363 0.490945 22.3588 442 202
-6.41708 -4.69309 72.9981 543 140
-4.66878 -3.48225 77.7023 564 154
1.89074 1.47837 14.8046 704 262
0.290942 1.45135 9.59068 632 304
-1.8753 1.51642 14.0142 507 268
-2.1856 1.52122 13.8801 488 269
-1.44824 1.52969 8.88342 481 321
-0.123509 1.4892 10.8369 599 293
-1.61451 1.56894 7.43056 436 354
-0.399779 -6.16241 90.0096 604 137
-8.82598 1.34349 18.65 255 240
-3.92302 1.61789 7.76471 209 351
-5.2177 1.74359 8.09765 99 356
-3.91279 1.61184 8.59657 252 332.4
-10.4749 -6.82524 34.9916 388.8 43.2
3.10848 -4.43456 54.7587 649.2 127.2
2.92909 -4.87151 57.2061 644.4 124.8
2.34838 -5.61078 56.6356 637.2 114
-3.8002 1.60507 10.7048 334.8 301.2
-11.5184 -11.9712 54.0499 453.6 25.2
7.8523 -0.303025 23.637 854.4 177.6
8.20275 -0.900877 23.7951 864 158.4
-10.2262 -1.44048 21.9313 261.6 136.8
-6.23325 -3.60868 26.9615 436.8 87.6
-9.87826 -0.404254 31.5332 379.2 176.4
110.684 -93.9867 3342.1 631.2 165.6
-11.3559 -0.318258 20.3984 194.4 174
-4.86721 0.446411 21.7058 441.6 201.6
-9.69194 -3.17226 35.5116 408 120
3.24829 0.502858 6.36589 1018.8 249.6
1.90438 1.50711 17.8236 687.6 249.6
4.2243 1.22922 59.7683 658.8 201.6
5.13203 0.423814 23.8309 766.8 199.2
1.24544 1.53872 7.53568 739.2 348
1.14551 1.50317 8.87275 703.2 327.6
7.60079 -4.98606 21.9603 865.2 22.8
8.80129 -8.68906 50.6931 734.4 61.2
-0.925015 1.4566 11.047 544.8 288
-2.11402 1.61017 12.7497 484.8 278.4
-4.93985 1.56098 18.7694 408 247.2
-9.19735 -3.9913 31.4548 393.6 93.6
-10.1612 -0.361285 28.1815 342 177.6
-3.97108 1.62231 7.83825 207.6 351.6
-4.49856 1.03407 8.66527 201.6 279.6
-5.63715 0.672614 7.70117 32.4 254.4
-5.48537 0.913393 7.39543 24 284.4
-11.8343 -4.23999 22.3758 216 45.6
-10.0029 -1.75076 25.572 318 136.8
-18.9302 -3.51541 24.2485 30 79.2
-18.5624 -4.48273 23.4844 22.8 43.2
-19.9809 -1.76804 25.8245 36 135.6
-14.6909 -0.892078 23.5627 147.6 158.4
8.42542 -1.46107 21.3408 901.44 136.8
10.189 -0.812365 22.2757 947.52 159.84
8.34179 0.433021 21.0548 898.56 204.48
6.42747 -5.86865 155.01 640.8 158.4
-3.99137 0.367753 27.019 498.24 197.28
-2.86917 -4.15673 184.272 597.6 169.92
-10.0439 -0.457668 32.2051 378.72 177.12
-14.7729 -0.0344582 20.3755 67.68 185.76
-15.2723 -1.13178 21.8613 86.4 151.2
-13.1642 0.0572631 23.07 185.76 187.2
-5.04981 0.457483 22.2442 440.64 201.6
3.40511 0.519268 6.69147 1019.52 249.12
7.66931 -2.03474 11.2328 1131.84 48.96
7.53434 -0.77243 11.0576 1130.4 132.48
6.08671 1.05689 23.1743 803.52 220.32
5.03061 0.385432 23.5118 766.08 200.16
0.905502 1.51463 8.9404 686.88 318.24
0.311465 1.4856 9.817 632.16 303.84
1.60579 1.4706 8.08315 766.08 331.2
0.944026 1.49098 8.19517 696.96 329.76
6.31213 -1.59468 23.2923 809.28 136.8
5.68697 -6.41949 50.5909 689.76 95.04
2.47919 -6.25236 56.0307 640.8 105.12
6.83877 -5.46967 32.1719 763.2 61.92
8.87584 -3.63632 56.5607 722.88 139.68
-1.87413 1.4806 13.8614 505.44 267.84
-4.57128 0.757982 34.5204 511.2 203.04
-0.0740381 1.43272 16.6696 604.8 252
-2.0537 1.49856 12.7057 485.28 277.92
-2.98543 1.54924 9.70236 368.64 309.6
-3.7882 1.57897 10.6294 334.08 300.96
-10.2231 0.284914 23.3157 283.68 195.84
-3.88054 1.54082 9.17032 279.36 316.8
-4.21519 1.54627 10.8144 309.6 296.64
-5.53309 0.653408 7.60235 31.68 254.88
-5.70733 0.688846 8.87671 105.12 247.68
-5.02948 1.30349 7.3907 67.68 326.88
-5.12641 1.27119 7.38222 57.6 324
-4.76273 1.02168 7.83114 128.16 289.44
-11.5667 -4.1636 21.8126 214.56 44.64
-13.1533 -4.37864 22.9391 185.76 47.52
-9.38128 -3.91611 23.8134 316.8 64.8
-9.81974 -4.0323 23.9131 303.84 61.92
-17.3271 -3.19253 22.2347 30.24 79.2
-19.2215 -1.70699 24.9327 36 135.36
-15.5241 -1.55546 22.7194 102.24 135.36
-9.86512 -1.98175 35.4239 402.624 145.152
-9.56018 -3.17786 35.0288 407.808 120.96
-8.21133 -0.145326 47.1494 480.384 183.168
-6.75498 -2.48428 47.9862 504.576 150.336
8.55745 -1.62329 21.5235 912.384 129.6
8.61763 -2.2356 23.2184 883.008 115.776
-6.30578 -4.47022 69.5314 542.592 139.968
3.20167 0.478184 6.27452 1019.52 248.832
3.27313 1.16823 7.06988 972.864 323.136
3.359 1.08921 7.76892 948.672 297.216
7.67716 -2.00963 11.2672 1131.84 48.384
8.06292 -0.813337 11.6432 1130.11 133.056
12.9872 -3.88294 22.2917 1041.98 58.752
1.87433 1.46104 14.8377 703.296 262.656
0.880115 1.48041 8.81077 686.016 319.68
0.434673 1.49587 8.97709 648 317.952
1.65601 1.51659 8.33596 765.504 331.776
0.934467 1.50085 8.31296 696.384 331.776
8.64794 -2.66483 23.3001 883.008 103.68
7.78755 -0.422129 22.9613 860.544 172.8
8.36436 -1.23988 23.3227 874.368 145.152
5.88961 -6.65773 53.0501 689.472 95.04
10.0621 -4.8834 564.774 620.352 179.712
4.02763 -4.72857 48.4103 668.736 115.776
2.30527 -5.50778 55.5959 637.632 114.048
-4.16274 0.495546 24.0949 482.112 200.448
-0.0751966 1.45513 16.9304 604.8 252.288
-1.46609 1.53545 8.91684 480.384 321.408
-0.932288 1.49285 11.322 544.32 288.576
-2.10435 1.44021 13.4833 490.752 269.568
-9.84609 0.886754 25.7199 324.864 210.816
-3.74917 1.61472 10.2013 324.864 309.312
-3.35471 1.57643 12.4826 402.624 283.392
-3.03113 -5.788 31.9527 539.136 53.568
-2.38612 -4.80813 31.0779 551.232 72.576
-2.24195 -3.9547 175.315 596.16 171.072
-0.802971 -6.64072 93.2082 603.072 136.512
-10.0718 -4.16111 26.8958 331.776 72.576
-9.83223 -4.29247 36.2101 409.536 100.224
-9.98196 -1.76692 31.5837 374.976 145.152
-4.35466 1.57387 9.36697 247.104 317.952
-4.54872 1.03341 8.76188 202.176 279.936
-3.90035 1.58994 8.54312 252.288 333.504
-3.9992 1.54392 10.297 311.04 302.4
-5.56478 0.741481 8.48967 96.768 255.744
-5.41026 0.637684 7.41941 32.832 255.744
-4.70775 1.0122 7.75849 127.872 290.304
-11.624 -3.29989 21.9206 216 77.76
-10.1062 -1.75552 19.0584 212.544 117.504
-9.55966 -0.815096 21.5294 276.48 157.248
-10.1101 -1.76951 25.8459 317.952 138.24
-15.6942 -3.25688 22.4652 91.584 77.76
-9.25731 -1.78595 12.3191 32.832 79.488
-15.3092 -4.18297 21.9141 91.584 44.928
-14.6329 -4.32686 22.1829 119.232 41.472
-15.1794 -1.51783 22.1698 101.952 136.512
-9.58327 -1.76652 38.2312 427.162 153.446
-11.1085 -0.713432 19.5629 192.845 174.182
0.915928 1.50098 8.25014 694.656 329.702
3.44855 1.49206 10.0443 872.986 302.746
-12.6018 -4.20527 22.1926 178.33 43.5456
-15.9441 -4.81857 24.0186 120.269 41.472
-2.55485 1.49189 12.6492 454.118 275.789
-3.32365 1.54215 12.6285 408.499 279.936
7.61393 -3.41041 25.4802 827.367 89.1648
8.46741 -3.72379 22.6439 883.354 64.2816
3.34472 1.08808 7.76086 947.635 296.525
-15.7013 -3.28962 22.4754 91.2384 76.7232
-0.350494 1.44076 13.8492 586.829 265.421
-0.926435 1.44345 11.064 555.725 284.083
7.56707 -1.9922 11.083 1130.11 49.7664
6.6206 -7.71917 58.8964 690.509 91.2384
2.76995 -6.7727 60.6938 640.742 105.754
-4.36394 1.04284 7.66641 159.667 292.378
-4.66988 1.00406 7.69608 128.563 288.23
-4.99035 1.33963 7.36329 70.5024 329.702
-0.836588 1.47297 9.22474 537.062 308.966
-2.17348 1.52627 13.9262 501.811 267.494
1.36742 1.41501 17.3037 667.699 248.832
0.935385 1.50232 8.32113 690.509 327.629
1.00321 1.42878 13.9201 663.552 265.421
0.453007 1.44965 12.1477 636.595 277.862
8.3545 -3.42274 53.2385 721.613 143.078
-9.55427 -3.97429 24.1672 315.187 64.2816
-14.7849 -0.781389 23.1959 147.226 157.594
-9.87087 -4.35991 36.3524 410.573 99.5328
-4.5482 1.04829 8.78443 203.213 279.936
3.27505 0.500802 6.45351 1018.14 248.832
1.84911 1.44139 14.6381 700.877 261.274
-10.233 0.881209 26.6336 325.555 209.434
10.9247 -0.879039 24.104 945.562 159.667
7.43894 -0.782631 10.9849 1128.04 132.71
-9.35633 -4.01578 31.9985 391.91 93.312
-9.59895 -4.00805 27.9145 356.659 80.8704
-9.90751 -6.14247 34.7092 398.131 55.9872
-3.82738 1.54325 9.74983 300.672 308.966
-3.96121 1.55983 9.36096 279.936 315.187
-4.00067 1.53566 10.3378 311.04 300.672
-9.69195 -1.69032 24.6892 319.334 136.858
-4.97779 -5.76762 28.356 485.222 43.5456
-10.088 -1.6961 30.3179 362.88 143.078
-14.9142 -0.0347211 20.531 66.3552 184.55
-15.4753 -1.54428 22.5561 101.606 136.858
-19.9424 -1.77101 25.8677 39.3984 136.858
-9.82266 -0.484643 19.1257 226.022 167.962
-10.3111 -1.81339 19.3938 211.507 118.195
-15.4654 -4.23958 22.0499 89.5795 47.2781
2.63642 -6.73177 59.5843 641.987 109.486
-0.943898 1.50202 11.2726 544.942 288.645
-2.14076 1.48421 13.7165 492.687 268.739
1.04728 1.41664 13.9915 664.382 263.762
7.51302 -1.95532 11.0489 1132.19 49.7664
6.64595 -5.43001 31.6794 758.938 59.7197
-4.4589 1.24691 7.61007 146.811 316.017
-4.41766 1.03981 7.72305 156.764 293.622
-4.57584 0.965068 7.55843 129.393 288.645
-2.96682 1.53265 9.59848 368.271 308.552
-3.7679 1.62769 10.9573 338.412 296.11
-3.97737 1.54803 9.36836 281.18 316.017
-5.77788 0.695855 8.96703 99.5328 243.855
-0.104634 1.56733 14.4847 592.22 258.785
-4.41363 0.0718285 65.8348 562.36 189.112
1.38708 1.41053 17.2489 669.358 248.832
3.35635 1.06365 48.4414 656.917 201.554
5.837 -1.48226 21.6502 808.704 136.858
1.81727 1.428 14.71 701.706 261.274
-5.8599 0.702671 9.5695 129.393 241.367
-9.92584 -4.40677 36.7431 410.573 99.5328
-4.06339 0.451 23.5198 480.246 201.554
5.62417 1.37251 20.6477 811.192 236.39
5.21947 -5.1159 125.877 637.01 159.253
3.3189 0.498411 6.53993 1012.75 248.832
-4.50884 1.01226 8.68507 204.042 278.692
-9.10525 -5.71732 32.0548 398.131 54.743
-9.84868 -4.02256 25.541 333.435 72.1613
-9.39913 -4.04463 21.036 286.157 52.2547
-4.45325 -5.65898 29.8643 500.152 47.2781
-8.42236 1.39026 23.3589 340.9 228.925
-7.20474 0.50725 23.1014 375.736 204.042
7.44515 -0.58679 21.9517 858.471 166.717
-9.84735 -1.65349 25.1743 318.505 136.858
-9.47236 -1.39245 21.1999 273.715 136.858
-4.85712 -6.77412 342.552 597.197 171.694
-0.531407 -5.24116 73.5642 602.174 136.858
-9.90938 -1.74897 34.7157 393.155 151.788
-9.55509 -1.68395 30.1006 373.248 146.811
-9.68263 -0.50396 18.8531 226.437 169.206
-0.375346 1.44297 14.0584 587.244 266.25
7.33576 -3.27058 24.4355 828.611 87.0912
1.16788 1.51619 8.94962 706.683 323.482
8.24966 -1.92188 12.6498 1107.3 69.673
-4.2333 1.23311 7.85948 182.145 310.542
-4.58379 1.06925 7.86054 146.313 295.612
-4.5158 1.05192 7.89462 158.257 292.626
-7.29468 -3.0524 30.8111 435.954 113.467
5.10635 0.534458 24.3406 764.412 200.061
1.38335 1.43066 17.2025 668.861 247.837
11.8921 -1.51767 22.6272 997.319 137.355
8.38081 -1.4851 23.0998 877.879 140.341
-10.3953 0.289714 23.7085 283.669 194.089
8.43294 0.521092 21.063 907.739 203.047
-4.19599 0.612346 50.1109 546.435 194.089
-4.48779 0.52164 25.3637 477.758 200.061
-10.8989 -3.34221 26.6314 307.556 95.5515
-9.7881 -4.02903 24.5 322.486 68.6776
8.1076 -2.34567 50.7651 725.594 152.285
-4.45139 1.02874 8.62061 203.047 277.697
10.8608 -1.50266 23.8898 946.557 140.341
-8.67374 -5.48885 30.5357 400.122 56.7337
-8.66187 -3.59628 25.2917 355.332 80.6216
-6.77379 0.542174 21.9151 376.234 203.047
-9.12593 0.510689 24.8312 340.402 200.061
7.78994 -0.520918 11.996 1107.8 152.285
-9.9189 -0.871342 22.1993 280.683 161.243
-14.8236 -1.85115 22.0991 113.467 122.425
-0.617005 -7.53679 105.785 603.169 134.369
-8.79629 -1.31258 30.227 394.15 155.271
-9.66881 -1.4368 20.9862 253.809 137.355
-6.11385 -3.34249 49.8338 516.575 140.341
-15.6898 0.124165 23.5861 116.453 191.103
-4.00007 1.5196 10.5255 313.528 298.598
-2.48119 -5.2536 30.6502 549.421 59.7197
-9.4062 -12.4914 96.3304 537.477 89.5795
-2.08306 1.51188 12.6693 471.786 274.711
-0.38368 1.43996 13.6588 585.253 265.753
-2.08238 1.52429 12.7732 483.729 277.697
-4.83006 0.27338 70.5818 558.379 188.117
6.71464 -5.59749 32.6564 758.44 59.7197
1.06391 1.43229 13.9544 665.875 265.753
3.50075 1.50877 10.4504 865.936 298.598
7.44447 -1.87282 11.0157 1122.73 59.7197
7.36635 -1.8109 11.1058 1107.8 71.6636
7.90202 -3.33699 50.8054 723.803 146.91
10.4252 -0.00415038 13.832 1168.12 186.325
-7.28838 0.487148 23.6866 379.817 200.658
2.2725 1.1191 103.345 623.474 193.492
5.63837 -7.4181 135.98 637.806 146.91
4.98958 0.588408 23.7839 763.218 200.658
-9.80643 -1.11387 33.0659 401.316 150.494
-11.0366 -1.90174 33.1688 365.485 146.91
-8.71593 -3.72848 32.6001 412.066 103.912
-10.5189 -4.30319 27.0836 322.486 68.0805
-2.58003 1.45886 18.1487 498.062 247.24
-12.3929 -0.0993332 22.2055 189.909 182.742
-16.4605 -0.210438 24.3375 128.995 179.159
-10.0207 -1.57503 17.9105 193.492 128.995
9.25734 -1.48985 21.7611 945.96 139.744
10.3386 -1.45758 22.6717 924.461 136.161
-9.25666 0.512189 24.9041 336.819 200.658
-10.2111 0.250592 23.1414 283.071 193.492
-9.43973 -2.43857 26.0799 340.402 114.662
7.79248 -0.554474 12 1103.62 146.91
-10.7705 -1.87842 27.4366 333.236 139.744
-10.3301 -1.52128 22.2202 272.322 136.161
-14.824 0.118054 22.4253 118.245 179.159
-14.9949 -1.85714 22.1706 107.495 125.411
-10.4369 -0.478896 19.9967 222.157 168.41
-9.95699 -1.09169 22.2846 254.406 132.578
-10.3288 -1.59209 20.0029 229.324 128.995
-1.11057 -6.42893 86.8442 601.974 136.161
-7.10448 -0.989988 46.7713 515.978 171.993
-5.65174 -3.89624 52.6317 530.311 128.995
-13.3114 -3.57275 23.7331 193.492 75.2468
-11.7129 -3.29918 21.9158 211.408 75.2468
-4.22907 1.00815 7.41138 154.077 293.821
-14.7295 0.0861235 22.2355 118.245 189.909
-3.99772 1.54233 10.4809 311.737 297.404
-13.4121 -17.8112 137.356 537.477 89.5795
-0.439065 1.45976 14.2219 584.059 265.155
-2.14759 1.51597 14.0101 498.062 265.155
8.62553 -6.65353 46.3392 745.302 82.4132
3.03106 -7.0126 64.4506 641.39 107.495
7.42558 -0.651506 22.0751 856.38 164.826
8.52156 -3.64794 22.9596 885.046 68.0805
0.815571 1.40759 12.5254 662.889 265.155
4.95554 0.492343 23.9392 752.468 204.241
