-1.82334 1.50654 13.082 503 270
3.63769 1.419 22.7771 727 230
8.09707 -3.18895 50.6992 724 137
-9.79682 0.964581 24.9563 318 211
-9.67447 1.27846 21.9947 282 226
-9.89948 -5.9841 29.0233 358 31
5.46796 -7.20216 53.256 683 84
8.4222 0.477881 20.4672 915 201
-4.28421 -5.60404 28.7307 499 39
-9.48051 -3.08732 34.5607 406 116
-12.5894 -3.35815 22.7276 198 72
-9.63719 -4.17608 21.1088 270 36
-3.08703 1.38701 29.5125 531.6 217.2
-3.72068 1.57689 9.79027 316.8 306
-4.19691 0.462099 24.0986 478.8 201.6
4.21646 -6.74061 54.3125 658.8 91.2
-10.439 -1.48404 21.6763 252 132
8.55828 -1.4336 20.9395 910.8 132
41.9218 -35.5976 1265.83 632.4 163.2
-9.79593 -0.395614 30.8593 374.4 174
8.82126 -1.1623 20.272 932.4 141.6
-16.5482 -0.965191 22.2271 56.4 150
-9.71123 -0.780726 68.3118 505.2 174
-4.83148 0.4909 21.0248 436.8 199.2
-12.8723 0.0846905 21.8655 172.8 184.8
-6.31737 -4.44979 70.7443 541.2 136.8
9.52332 -3.63081 21.0121 945.6 56.4
5.07753 0.440724 22.9839 772.8 198
1.81049 1.447 16.3078 692.4 250.8
3.72607 1.15758 52.719 661.2 200.4
7.34711 -3.40055 22.5892 849.6 72
7.68959 -0.25597 22.3969 862.8 176.4
7.70996 -5.83204 41.4204 744 80.4
4.01841 -4.64016 47.5052 670.8 111.6
2.34721 -5.60797 56.6073 639.6 110.4
-1.41703 1.52473 8.07209 470.4 331.2
-5.15469 1.59885 18.6025 400.8 247.2
-9.23518 -3.97599 30.9943 390 88.8
-10.2639 -6.65936 33.661 385.2 38.4
-9.6571 -0.299178 26.1774 336 174
-4.51695 1.0429 7.99383 165.6 285.6
-11.5261 -4.13133 21.1804 204 37.2
-10.1477 -0.484918 19.1366 213.6 164.4
-10.1416 -1.72593 25.2093 312 132
9.15553 -0.706338 19.3684 954.72 159.84
10.5093 -1.39623 22.6999 953.28 138.24
8.10926 -0.859397 22.6995 874.08 161.28
-3.44246 -3.14779 26.5539 508.32 97.92
-9.60393 -0.344265 30.1224 374.4 174.24
-16.0722 -0.0064176 21.3879 50.4 182.88
-9.53085 -3.1204 34.3954 406.08 116.64
-4.43751 0.994607 20.5546 447.84 218.88
-4.85558 0.461163 21.0025 436.32 198.72
-14.271 -0.843981 22.2923 133.92 154.08
-12.1778 0.0514667 20.7348 172.8 184.32
-5.99299 -4.24848 66.0824 542.88 136.8
8.22188 0.425766 19.3904 925.92 201.6
12.5049 -0.770899 22.8846 1015.2 158.4
0.316146 1.5138 9.1612 635.04 312.48
0.933923 1.51208 7.55971 714.24 339.84
5.78318 -1.18239 21.6742 803.52 148.32
6.89582 -5.49762 31.8156 767.52 57.6
3.04467 -4.23964 52.3517 646.56 120.96
8.05247 -2.3671 42.3119 748.8 144
7.90908 -3.18381 49.5221 725.76 136.8
-4.09235 0.483275 23.4982 479.52 197.28
-0.071923 1.50442 16.1934 606.24 252
-0.114086 1.50091 10.0101 600.48 298.08
-10.1188 0.305391 22.4372 273.6 192.96
-3.86326 1.5965 7.81864 220.32 344.16
-3.87125 1.54269 8.47938 252 325.44
-4.69981 1.01789 7.05037 77.76 298.08
-11.3522 -4.07717 20.7547 203.04 37.44
-9.59969 -3.99609 23.6984 309.6 59.04
-15.4403 -1.53475 21.9706 87.84 131.04
-11.4082 -0.780206 19.1971 165.6 152.64
-9.97042 -0.849422 21.6409 267.84 153.792
-15.8888 -0.457976 23.1588 101.952 167.616
-1.80459 -2.87091 127.27 597.888 167.616
-10.0951 -1.97854 35.3664 400.896 141.696
-5.93257 -4.20565 65.4162 542.592 136.512
-4.96158 0.924609 21.5909 437.184 214.272
7.618 -1.9956 10.4547 1169.86 38.016
9.59316 -3.70966 21.2969 943.488 55.296
12.3093 -0.790178 22.5266 1014.34 158.976
8.46219 1.27683 20.4951 915.84 231.552
6.77031 1.4219 20.1271 857.088 236.736
0.314308 1.49233 9.10794 634.176 312.768
1.66008 1.5336 7.56214 767.232 340.416
8.71085 -2.59663 22.7037 893.376 98.496
7.74446 -0.404848 22.0213 869.184 171.072
8.79063 -2.2141 22.995 893.376 112.32
5.7242 -6.31256 50.2997 692.928 88.128
2.58801 -6.32784 56.7072 642.816 101.952
8.508 -6.4357 45.7078 744.768 79.488
10.5905 -5.13989 594.437 620.352 176.256
2.43129 -5.80886 58.635 639.36 110.592
-4.36017 0.806116 32.5839 509.76 200.448
-0.0705331 1.47535 15.8804 606.528 252.288
-2.1741 1.55433 13.3359 485.568 271.296
-7.89214 1.31787 21.1538 331.776 229.824
-3.01154 1.5585 9.05069 350.784 317.952
-1.44373 1.49504 8.03323 468.288 331.776
-2.82872 1.52162 12.4604 435.456 276.48
-4.05452 -5.93571 29.3833 508.032 34.56
-2.48043 -4.99751 31.7313 552.96 67.392
-0.521497 -6.12139 89.4105 603.072 133.056
-10.147 -4.30401 31.8258 374.976 82.944
-9.73289 -3.3304 28.7695 359.424 96.768
-9.85011 -6.3909 32.304 385.344 39.744
-9.69125 -4.16688 35.1507 406.08 95.04
-9.89297 -1.70611 30.4967 371.52 141.696
-10.1681 0.889889 25.8108 317.952 209.088
-3.7856 1.59055 9.96111 316.224 307.584
-15.9248 0.218617 23.1644 98.496 190.08
-4.53271 1.04912 8.04152 167.616 286.848
-4.43667 1.06458 7.10013 114.048 302.4
-11.7838 -3.25976 21.654 203.904 69.12
-9.52043 -3.9631 23.5027 309.312 58.752
-9.76174 -4.2172 21.3166 266.112 34.56
-14.1168 -2.95947 19.6592 76.032 70.848
-15.6213 -4.27355 21.7544 76.032 36.288
-12.904 -4.30594 21.9193 171.072 38.016
-15.0662 -4.45067 22.1848 105.408 32.832
-15.9775 0.0231976 21.2619 50.112 183.168
-15.3627 -1.49367 21.8169 86.4 131.328
-16.3012 -1.94361 22.1017 62.208 117.504
1.67396 1.53668 7.57732 775.872 342.144
-9.90083 -1.70902 18.0096 199.066 111.974
-4.59295 0.99345 21.1384 447.898 215.654
-5.26776 -3.44575 81.9773 561.946 153.446
-9.68186 -3.15401 34.7658 404.352 116.122
-1.4279 1.52435 8.07009 468.634 329.702
-2.5933 1.5199 12.169 447.898 279.936
-3.32438 1.58423 11.6464 391.91 286.157
-14.0547 -2.97369 19.5728 76.7232 70.5024
7.8106 -3.41892 25.5437 835.661 82.944
7.71748 -4.76163 26.6966 821.146 51.84
8.33917 -3.66502 21.735 893.722 60.1344
1.03139 1.47452 13.2854 667.699 267.494
0.459896 1.4653 11.4763 638.669 282.01
-0.0144204 1.49648 8.69053 607.565 317.261
1.32423 1.39014 15.9166 669.773 248.832
3.55972 1.17596 50.3654 659.405 199.066
5.69906 -6.28483 50.0787 692.583 87.0912
-0.837415 1.46484 8.5761 532.915 317.261
-4.76093 1.0389 7.12719 78.7968 298.598
7.273 -6.0388 34.6684 765.159 58.0608
7.58037 -1.98574 10.4031 1169.51 39.3984
3.74749 1.4368 23.0628 731.981 230.17
1.842 1.47626 13.8208 707.098 263.347
6.05854 1.07627 22.2424 810.778 217.728
-3.92318 0.463297 22.5268 476.928 199.066
4.22298 -3.50324 92.532 638.669 155.52
4.23637 -4.89185 50.0819 669.773 111.974
-9.77419 0.823806 24.8987 317.261 207.36
-9.49704 -3.93983 23.3647 308.966 58.0608
-4.00158 1.55074 9.71178 290.304 306.893
-9.98926 -6.21799 34.3264 396.058 51.84
10.0636 -0.74898 21.3521 958.003 157.594
-2.73267 -5.29824 28.8065 537.062 47.6928
9.53728 0.545646 19.8259 966.298 203.213
8.32136 0.433764 19.7547 922.752 201.139
-8.25516 1.40404 22.0447 333.85 228.096
-10.4051 -1.69296 25.7752 311.04 132.71
-10.3159 -1.77612 30.2441 358.733 141.005
-9.62728 -0.46005 18.1552 211.507 163.814
-7.23346 -2.51423 49.9057 503.885 147.226
-15.6199 -1.51868 22.1822 85.0176 130.637
-16.1274 -1.9229 21.8662 62.208 116.122
-2.4286 -5.14224 30.0005 547.43 57.2314
-2.96613 1.5226 8.91423 350.853 316.017
-3.27564 1.54224 11.8213 398.131 283.669
-3.91006 1.54624 8.56438 253.809 323.482
-4.75088 1.01904 7.12698 79.6263 298.598
-10.171 -1.72556 18.4544 199.066 111.974
0.817919 1.50642 10.5357 674.335 303.575
1.04722 1.43392 13.2518 669.358 266.25
8.68803 -2.18032 22.6442 893.307 111.974
8.55282 -3.73185 22.1313 893.307 59.7197
9.4382 -3.69028 21.0178 943.073 52.2547
-2.11183 1.51768 13.1788 485.222 271.227
7.90601 -4.94685 46.658 716.636 99.5328
6.42029 -7.30482 55.735 691.753 87.0912
2.82661 -6.37237 60.1033 639.498 109.486
6.24314 1.32766 18.7931 855.982 236.39
1.39722 1.41931 16.2505 671.846 248.832
2.84187 0.919063 41.8564 659.405 199.066
2.13521 1.11597 91.3245 624.568 191.601
7.70145 -2.00659 10.5894 1169.51 52.2547
5.81521 -1.42525 20.8175 813.681 131.881
1.80397 1.47309 13.973 706.683 261.274
4.56738 0.576551 22.064 761.426 204.042
11.8112 -1.41486 22.0073 1010.26 136.858
7.62478 -0.584176 21.8539 865.935 164.229
8.29283 -2.34747 52.3812 729.078 149.299
-4.57855 1.06235 8.14294 166.717 286.157
6.2071 -5.4592 149.696 639.498 154.276
-8.40673 1.34613 22.6175 333.435 226.437
-7.24705 0.586283 22.4364 368.271 201.554
5.66795 1.41233 19.9916 818.657 236.39
-10.0078 -4.08665 23.6501 291.133 57.2314
-4.16914 0.51738 23.5627 475.269 199.066
-10.131 0.337009 22.4643 273.715 191.601
-2.5172 -5.15275 30.0618 537.477 47.2781
-3.97885 -5.13038 26.683 490.199 47.2781
-9.85404 -6.18092 33.8618 395.643 49.7664
10.1639 -0.788778 21.6289 958.003 156.764
-3.84993 1.60813 9.98419 316.017 306.063
-3.72449 1.48867 8.71561 278.692 316.017
-9.80864 -1.67506 24.4663 311.04 134.369
-9.47318 -1.32192 20.5616 263.762 131.881
-5.51359 -7.68969 388.85 597.197 169.206
-3.72791 0.312164 59.2978 562.36 186.624
-0.498892 -4.72833 69.0631 602.174 131.881
-16.5386 -0.0371512 21.9679 49.7664 181.647
-14.7595 -1.82089 21.3827 99.5328 116.951
-9.70148 -1.62452 29.7787 370.76 141.834
-15.2307 -3.18067 21.1286 74.6496 69.673
-0.383527 1.44386 13.0091 587.244 268.739
8.16217 -3.63056 26.5726 836.076 82.1146
13.2227 -2.56199 21.6122 1062.51 109.486
-4.26058 1.0178 6.78811 113.467 301.584
-4.69161 1.00843 7.05279 77.6356 298.598
-4.38268 1.04187 7.01372 101.523 292.626
-15.2051 0.179056 22.2525 101.523 188.117
-8.29656 -11.3724 84.9664 537.477 83.6076
-2.39877 -5.20276 29.6321 537.477 77.6356
1.41824 1.44103 16.7663 674.833 250.823
11.4619 -1.41774 21.1373 1012.25 137.355
-3.86296 1.60542 10.0542 313.528 307.556
-3.95065 1.55768 9.58819 274.711 316.514
-7.31035 0.562342 22.7303 370.262 200.061
7.96457 -2.24561 48.5996 728.58 149.299
7.92039 -3.13377 48.7437 725.594 140.341
-4.40853 1.2938 7.45332 161.243 313.528
3.23086 0.492578 5.63983 1083.91 250.823
5.15578 0.486104 23.6358 770.384 203.047
-10.1789 -4.29184 32.0656 376.234 83.6076
-9.00787 -3.75811 25.6762 352.346 74.6496
-12.712 -0.00663602 22.1158 182.145 182.145
-13.9883 -0.182588 21.1166 119.439 173.187
-15.8754 -1.92583 27.0306 167.215 152.285
-9.01984 0.499085 24.267 331.444 200.061
-10.2459 0.277623 22.719 274.711 191.103
8.22826 0.488093 19.7291 919.683 203.047
-9.98373 -3.00037 23.9075 298.598 86.5936
-10.4067 -4.14714 24.195 292.626 56.7337
10.5658 -1.41007 22.4178 955.515 137.355
9.50538 -1.4421 21.5005 937.599 134.369
-9.95581 -0.647529 21.9404 271.725 158.257
-10.9937 -1.87093 27.3273 310.542 134.369
-9.7553 -1.43664 20.9839 262.767 131.383
-14.8494 -1.89949 21.6001 95.5515 119.439
-0.577366 -7.0526 98.9892 603.169 131.383
-9.58032 -0.407541 18.0666 209.019 164.229
-9.10336 -1.29021 30.6952 388.178 143.327
-8.4328 -1.54587 33.4559 424.01 149.299
-8.16862 -0.201761 45.1028 477.758 179.159
-7.1811 -3.56057 56.6073 516.575 134.369
-6.6449 -2.35486 46.7423 504.631 146.313
-2.24293 -4.60088 29.213 549.421 68.6776
-0.357747 1.43122 12.7357 585.253 268.739
-1.96419 1.47539 11.5552 477.758 280.683
2.9965 -7.32663 65.6579 641.987 104.509
7.10154 -5.94352 33.8511 764.412 56.7337
3.52308 1.55374 9.5639 892.809 301.584
-7.80485 -10.6984 79.9307 537.477 82.4132
-7.4108 0.480135 23.3456 372.651 200.658
6.63747 -0.159514 35.6587 745.302 182.742
8.05789 -2.72864 50.0182 727.386 146.91
8.11788 -3.01125 51.2761 723.803 139.744
-8.83411 -3.72095 32.5343 408.483 96.7459
4.52337 0.429216 20.8697 766.801 204.241
-9.95406 -1.46154 21.3475 268.739 125.411
2.61795 1.28922 119.055 627.057 189.909
7.61947 -0.506367 10.9588 1135.87 161.243
-9.34942 -3.94211 29.4527 386.984 89.5795
-12.7676 -0.0981765 21.9469 179.159 179.159
-10.9028 -1.50609 18.9224 168.41 150.494
-9.28488 0.506173 24.6116 329.653 197.075
-10.209 0.245131 22.6371 272.322 189.909
-10.0244 -1.71207 34.9484 386.984 139.744
-10.1434 -1.64241 30.1067 358.318 139.744
-10.5628 -0.483205 19.069 207.825 164.826
-9.53994 -1.38051 20.5822 261.572 132.578
-11.5165 -1.7423 21.8902 218.574 125.411
-2.50728 1.41869 16.5064 494.479 247.24
-5.03164 0.284789 73.5275 548.227 193.492
8.66409 1.12298 18.4373 956.709 229.324
7.88679 1.11761 19.6988 917.294 229.324
-9.66745 -2.57669 26.0093 336.819 114.662
-9.91441 -2.95636 23.8209 297.404 89.5795
-15.1431 0.117144 22.2524 114.662 175.576
-0.805177 -6.39893 93.4643 601.974 132.578
-12.498 -3.32569 21.691 179.159 68.0805
-14.7017 -1.76986 21.1286 96.7459 118.245
-12.0494 -3.39096 21.9179 200.658 68.0805
-4.62539 1.10105 7.20954 111.079 300.987
-4.08397 1.56567 9.97913 293.821 304.57
-2.02887 1.49943 11.7436 476.563 279.488
-0.408395 1.4682 13.2285 584.059 268.739
-1.8612 1.48951 13.0923 490.896 268.739
3.07383 -7.11156 65.3601 641.39 103.912
7.55982 -0.644623 21.8419 863.547 164.826
1.0633 1.46755 13.2226 670.055 268.739
8.14574 -1.89406 11.7157 1139.45 68.0805
