-11.6069 0.226477 18.5336 143 193
-9.82289 -1.7761 25.9421 330 133
-11.8571 -0.892674 19.3193 151 150
-2.80664 1.51492 11.9956 426 281
-0.0249615 1.4185 15.0433 607 256
-0.179077 1.38884 17.8971 601 243
5.90952 -7.89023 56.0382 685 81
-9.17899 -3.15782 32.7963 404 114
9.24942 0.329557 18.5308 981 198
1.55973 1.45983 17.8518 675 246
3.67649 1.37428 22.0593 731 230
0.959243 1.51277 7.51094 709 344
-1.41595 1.46171 12.6927 524 272
-0.696642 1.48242 11.869 564 278
-6.37565 1.59948 16.9626 325 254
-10.068 0.478142 26.8857 332 197
-0.277217 -6.47474 90.8785 606 132
-12.8017 1.4741 17.7248 71 246
-0.0246843 1.40275 14.8762 607.2 255.6
-3.21038 1.54986 10.4334 372 298.8
-3.0344 1.50531 10.5279 386.4 290.4
5.13379 0.398235 22.3926 778.8 196.8
8.26401 0.410443 18.6926 938.4 201.6
-10.3932 -1.55713 21.0343 241.2 129.6
-10.3709 -1.47884 19.9767 223.2 129.6
-10.09 1.26545 22.3046 273.6 225.6
-4.35205 1.39415 25.1907 480 225.6
-10.1253 -0.486991 31.2131 370.8 171.6
-4.00597 -5.41381 26.6165 496.8 33.6
-16.0495 -1.0254 20.9315 39.6 147.6
-1.89252 -3.95593 147.991 598.8 165.6
-9.487 -1.0412 66.7345 505.2 172.8
7.71477 -2.0245 9.81894 1215.6 26.4
4.8716 0.639102 23.2216 764.4 204
0.84049 1.48476 8.91044 681.6 314.4
0.310214 1.46715 8.31863 638.4 322.8
7.54034 -3.53044 22.4163 856.8 68.4
3.85409 -4.55416 44.1118 673.2 109.2
2.44827 -5.78952 55.3319 640.8 108
8.30441 -3.4279 51.1071 727.2 134.4
-1.43747 1.44795 12.7269 524.4 271.2
-0.23242 1.45842 12.6642 592.8 272.4
-0.72643 1.47638 12.0899 568.8 277.2
-9.9468 0.470638 26.4638 331.2 196.8
-4.98273 0.401205 20.923 432 199.2
-1.39742 1.49583 7.37588 458.4 345.6
-2.38934 -5.44 30.0315 550.8 50.4
-9.36905 -4.1936 31.0093 386.4 85.2
-10.3325 -6.84586 33.4284 382.8 33.6
-10.6337 -0.439777 28.1869 331.2 172.8
-7.07016 1.57838 17.514 304.8 254.4
-4.04295 1.55811 9.04846 262.8 318
-3.81863 1.57158 9.59159 302.4 310.8
-12.6793 1.43283 17.5216 69.6 246
-4.50617 1.01685 7.3255 123.6 295.2
-9.57646 -1.72639 23.3207 303.6 129.6
4.35644 1.51781 9.10874 980.4 314.4
8.32662 0.413553 18.8342 938.88 201.6
8.37143 0.429286 19.5507 927.36 201.6
8.9963 -1.58102 21.357 923.04 129.6
-4.61045 1.40268 26.6863 483.84 223.2
-4.0642 0.373608 22.7905 476.64 197.28
-3.66925 -3.52504 26.0657 504 84.96
-10.3174 -1.38391 18.3495 190.08 131.04
-10.2756 -1.86826 18.0961 184.32 106.56
-15.7509 -1.6416 21.7662 73.44 128.16
-9.73459 -0.893234 20.57 257.76 151.2
-12.1748 -0.914521 19.7921 151.2 149.76
-9.91898 -0.477066 30.5769 370.08 171.36
-4.53249 0.709355 23.4079 465.12 207.36
-9.12366 -3.13878 32.5986 403.2 113.76
-7.61494 -5.66186 82.6984 542.88 135.36
12.1051 -0.807852 21.338 1029.6 156.96
0.276608 1.4424 15.5257 622.08 253.44
3.731 1.02515 49.8456 662.4 198.72
0.814431 1.44807 8.76341 681.12 313.92
0.328512 1.49782 8.49252 637.92 322.56
0.443182 1.46 10.0161 642.24 298.08
7.12463 -5.71619 32.0485 771.84 53.28
8.59995 -3.53941 21.7063 902.88 61.92
5.86283 -8.0109 56.3386 685.44 80.64
8.11182 -6.23864 42.6237 748.8 77.76
7.24872 -2.12177 37.0065 751.68 141.12
7.92379 -3.31028 48.3507 728.64 135.36
-0.839781 1.48298 8.02845 528.48 329.76
-2.16806 1.49755 12.5492 478.08 275.04
-0.0135428 1.48488 8.16164 606.24 328.32
-0.546807 1.4824 7.67834 554.4 336.96
-5.19783 1.54998 18.0339 394.56 249.12
-4.9527 0.369856 20.7969 432 198.72
-3.26137 1.55271 10.5514 364.32 296.64
-1.41997 1.5089 7.4403 459.36 345.6
-2.53197 1.48277 12.2821 452.16 276.48
-2.49683 -5.11304 30.3223 548.64 60.48
-9.23452 -4.16148 33.1595 403.2 92.16
-7.15949 1.56825 17.6744 306.72 250.56
-7.73688 1.61171 16.8438 264.96 256.32
-3.79827 1.57549 9.37663 296.64 315.36
-4.02067 1.537 8.99859 263.52 318.24
-3.88713 1.58067 9.72966 302.4 311.04
-10.8368 1.57906 16.746 129.6 254.88
-4.3695 1.03677 6.38173 61.92 316.8
-11.7178 -4.3075 20.8917 192.96 31.68
-9.76324 -4.05957 21.5822 273.6 46.08
-9.95253 -0.629066 24.8252 312.48 164.16
-14.5448 -0.957473 22.0493 119.52 151.2
-10.4492 -1.24284 17.7916 169.92 132.48
2.01204 -19.5067 515.237 611.712 157.248
-2.17585 -3.8885 153.454 597.888 165.888
-9.9524 -1.47135 20.2562 241.92 129.6
-4.28197 0.644711 31.3477 508.032 200.448
-10.5906 0.214996 22.7807 264.384 193.536
-10.2915 -1.64625 18.7203 200.448 119.232
-10.3604 -1.43739 18.3805 190.08 126.144
-9.92165 -1.85735 30.1967 368.064 139.968
-9.65305 -0.914128 20.3977 257.472 152.064
-6.84217 -2.60019 47.6635 504.576 143.424
-5.99562 -4.52625 66.1114 542.592 134.784
-9.37424 -1.51994 31.0265 387.072 148.608
-4.52388 0.925836 20.3007 444.096 217.728
9.04565 1.16725 18.3269 976.32 233.28
8.19267 0.434044 18.5897 938.304 202.176
3.38894 0.937063 6.24964 1047.17 309.312
8.05601 -1.93861 10.8691 1173.31 51.84
13.6102 -1.48586 21.7028 1073.09 134.784
9.44843 -3.66381 20.2261 957.312 50.112
12.3734 -0.827786 21.8646 1028.16 157.248
6.91622 1.40603 19.9024 870.912 238.464
0.833999 1.49272 9.11033 680.832 314.496
0.320554 1.51605 8.5959 637.632 323.136
8.80681 -2.68745 22.1507 903.744 95.04
6.2133 -1.55374 21.3904 824.256 131.328
7.9208 -0.430086 21.7485 877.824 169.344
8.99171 -2.30342 22.6157 903.744 108.864
2.76781 -6.69669 57.1622 644.544 100.224
6.31868 -7.24319 53.5594 694.656 84.672
2.58352 -6.10936 58.3888 641.088 108.864
-0.0253176 1.41751 15.2578 606.528 255.744
-1.40753 1.43546 12.6172 523.584 271.296
-1.81888 1.48007 12.549 495.936 274.752
-0.293733 1.46577 11.6063 589.248 273.024
-0.735247 1.46071 11.6951 561.6 279.936
-8.14485 1.29119 21.1989 324.864 229.824
-3.07557 1.57005 8.62979 331.776 328.32
-3.39162 1.5344 10.7313 362.88 297.216
-1.84168 1.54156 7.87133 426.816 338.688
-2.5874 1.50507 12.4669 452.736 276.48
-2.86499 1.5105 11.9605 428.544 281.664
-2.362 -5.05909 30.7638 551.232 63.936
-0.558499 -6.95534 95.7545 604.8 131.328
-9.73193 -3.49825 28.1872 354.24 93.312
-6.96936 1.53716 17.324 307.584 252.288
-10.3097 0.844988 25.5389 311.04 209.088
-3.9777 1.53011 8.9582 266.112 317.952
-16.0323 0.150637 22.6337 84.672 188.352
-10.9138 1.48669 18.4949 167.616 243.648
-10.6815 0.78442 18.3173 174.528 216
-4.30229 1.26232 6.63401 91.584 338.688
-4.3789 1.03689 6.38249 60.48 316.224
-4.92958 1.52242 8.18033 136.512 330.048
-4.48192 1.01598 7.31919 124.416 297.216
-10.2719 -1.88812 18.0452 184.896 107.136
-11.6223 -4.26185 20.6703 191.808 32.832
-9.68281 -4.1396 24.7536 319.68 62.208
-10.0095 -0.512024 18.2072 200.448 164.16
-14.9187 -4.19077 20.1893 62.208 32.832
-11.1641 -1.80126 18.441 157.248 107.136
-13.589 -3.73421 22.7073 165.888 62.208
-16.2711 -0.0939048 20.992 32.832 183.168
-15.7291 -1.63618 21.6944 72.576 127.872
-16.0726 -2.01104 21.1923 46.656 114.048
-12.832 -0.0358458 21.196 160.704 183.168
-9.51493 -3.24117 33.662 402.278 114.048
-15.2248 0.0234967 21.536 85.0176 186.624
-14.9576 -0.53826 21.2416 87.0912 165.888
-5.03772 -1.37164 87.9134 566.093 172.109
-3.93104 -2.86788 85.1345 574.387 159.667
3.23486 0.897754 5.52605 1078.27 313.114
3.10473 0.630946 5.05165 1113.52 277.862
-1.96652 1.48471 11.0275 470.707 286.157
7.6148 -4.78013 25.6022 829.44 45.6192
6.52302 -5.25851 29.7142 767.232 53.9136
-10.2231 -1.85872 18.0036 184.55 105.754
-3.01875 1.54679 8.43742 331.776 327.629
0.313229 1.48141 8.39949 638.669 321.408
6.5166 1.32436 18.3845 864.691 236.39
-12.3521 1.39317 17.0367 68.4288 244.685
5.8622 -6.78905 49.6901 694.656 85.0176
6.03552 -1.45846 20.8783 823.219 130.637
10.2829 -3.84234 21.3758 966.298 49.7664
-1.31795 1.47962 12.1164 522.547 271.642
-0.107841 1.48457 9.46223 601.344 306.893
-0.313469 1.45008 11.7408 588.902 271.642
7.96992 -3.61104 25.1495 846.029 72.576
8.46458 -3.70844 21.2899 904.09 53.9136
-4.64119 1.41192 7.70176 136.858 329.702
-4.55916 1.04384 7.44533 124.416 294.451
4.0889 1.47906 23.7412 736.128 230.17
1.85055 1.44627 13.1963 709.171 261.274
1.37449 1.39622 15.9861 673.92 250.906
5.27963 0.414578 23.3116 775.526 196.992
-4.39314 1.28347 6.74516 91.2384 333.85
-4.33838 1.02938 6.33628 60.1344 315.187
-3.73503 1.56208 9.22051 296.525 313.114
-4.03486 1.55499 9.03036 263.347 317.261
-4.13974 0.434958 22.6832 474.854 196.992
5.89314 -5.78 137.511 638.669 153.446
-0.0249385 1.39628 15.0294 607.565 255.053
-3.3751 0.509476 41.6926 549.504 192.845
13.5688 -1.48463 21.6848 1072.05 132.71
-9.70041 -4.10588 23.3849 300.672 53.9136
8.2952 1.23386 19.3727 928.973 230.17
8.21138 0.411715 18.7505 937.267 201.139
-10.6606 0.800272 26.408 311.04 207.36
-9.78699 -4.33191 30.17 371.174 80.8704
-9.82733 -3.54683 28.5786 354.586 91.2384
9.15833 -0.736611 18.7668 970.445 155.52
-9.69325 -0.917935 20.4827 257.126 151.373
-10.1949 -1.83167 24.7428 304.819 130.637
-9.88048 -1.75315 28.5026 352.512 136.858
-10.0141 -0.561519 18.1696 199.066 161.741
-15.7189 -1.66209 21.6389 72.576 128.563
1.86084 1.43585 13.2696 713.318 265.421
-3.30185 1.55362 11.0814 385.69 288.645
1.87204 1.43584 13.6197 714.148 266.25
-10.181 -1.85107 17.9295 184.136 106.998
-12.1854 1.39774 16.8067 67.1846 246.344
-16.8149 -2.13476 22.1711 47.2781 111.974
12.0641 -1.47401 21.5298 1025.19 134.369
9.076 -2.35677 22.8277 905.749 109.486
8.51897 -3.84294 26.7645 843.541 79.6263
8.98878 -3.96955 22.6084 905.749 54.743
-1.39784 1.42558 12.5304 522.547 271.227
-2.1808 1.4888 12.623 482.734 273.715
-0.369559 1.42615 12.5354 589.732 273.715
-4.21075 0.997074 6.13741 59.7197 316.017
1.04362 1.42712 12.5439 674.335 271.227
-28.3916 -43.7715 441.832 562.36 109.486
-4.55928 1.04387 7.44552 126.904 296.11
13.0149 0.619342 18.719 1127.21 209.019
6.90089 -8.08732 59.1923 694.241 84.6029
12.9982 -3.8958 20.8658 1072.47 47.2781
1.42317 1.40036 16.0335 676.823 251.32
3.10285 0.825573 43.0539 659.405 199.066
2.21402 0.76197 94.6954 627.057 191.601
8.00874 -0.659063 22.3312 873.4 161.741
8.46495 -2.38669 51.6529 731.566 146.811
19.0012 -13.6727 1066.52 622.08 174.182
5.26278 -5.16491 118.941 639.498 144.323
-3.7939 1.58917 9.69894 303.575 308.552
-3.92609 1.49502 8.89772 266.25 316.017
-2.32017 1.32196 15.1359 492.687 251.32
-4.57937 0.47751 24.9023 475.269 196.577
-9.35578 -3.99139 22.5541 301.087 54.743
-9.70629 -6.16847 33.0382 393.155 47.2781
-8.59863 1.27899 22.5432 325.97 226.437
-10.7216 0.185573 23.0625 266.25 191.601
-4.60617 1.27663 20.0443 437.944 231.414
-10.3711 -1.55288 17.6586 169.206 114.463
-3.26275 -5.1907 230.108 597.197 166.717
-0.616996 -6.44177 85.4126 604.662 131.881
-9.70883 -1.80985 29.4244 365.783 139.346
-9.87056 -0.528558 17.9092 199.066 161.741
-9.79887 -1.54347 20.4652 253.809 129.393
-7.69864 -1.25517 63.471 520.059 169.206
-6.80881 -0.862729 43.6263 495.176 171.694
-7.23631 -2.65413 49.9254 505.129 144.323
-2.04644 1.48987 11.2994 470.293 286.157
-6.70693 0.74033 10.0824 95.5515 241.865
-12.7666 1.43716 17.5747 68.6776 244.851
-10.0267 -1.82302 17.6578 182.145 107.495
6.32861 -1.66714 22.105 824.132 131.383
8.39204 -2.49512 49.5264 731.566 146.313
-3.78371 1.55559 9.74217 304.57 307.556
11.8583 -1.41242 21.058 1027.18 134.369
1.40278 1.3603 15.0941 677.818 250.823
-7.68169 -11.1862 78.6694 537.477 80.6216
-10.5604 1.32975 18.1095 170.201 241.865
7.95839 0.494691 13.7918 1036.14 212.005
9.6135 0.476494 19.2603 985.375 203.047
-9.0735 -3.92358 25.3605 346.374 71.6636
4.7459 0.579612 22.1812 776.356 203.047
-9.45463 0.506096 24.6079 325.472 197.075
-10.319 0.179141 22.2631 265.753 191.103
-9.98498 -0.771724 21.1613 262.767 155.271
11.3293 -1.57056 23.4157 970.445 134.369
8.1617 0.465512 18.8164 931.627 203.047
-10.9429 -3.51141 25.4415 292.626 83.6076
-8.91929 -3.65653 20.3421 283.669 56.7337
-0.585046 -7.56502 100.306 603.169 131.383
-15.1569 0.0833702 21.5247 86.5936 185.131
-13.1129 -0.0991717 22.1694 170.201 179.159
-4.35978 1.20954 23.0119 468.8 223.949
-10.1361 -0.540053 18.2987 197.075 161.243
-10.0539 -1.57906 20.9371 253.809 128.397
-7.20909 -4.04877 56.8279 516.575 134.369
-6.39739 -2.43116 44.5651 504.631 146.313
-12.5636 -3.6166 22.1798 191.103 62.7057
-4.59699 1.05012 7.49009 125.411 295.612
-4.35725 0.999427 6.7916 98.5375 301.584
-2.39041 -4.81492 29.5288 552.407 62.7057
-2.05442 1.4321 12.2872 468.8 286.655
-3.24657 1.53308 11.1563 388.178 289.641
-0.349092 1.43117 12.4275 588.239 271.725
-2.13721 1.50041 12.5731 483.729 274.711
3.35662 -8.06369 71.3733 644.973 104.509
6.67248 -5.4984 30.5888 764.412 56.7337
1.83469 1.42986 13.2142 713.65 265.753
1.04704 1.43179 12.585 674.833 271.725
3.27728 0.903886 5.61185 1101.83 313.528
-10.5434 -1.84536 26.9538 318.903 132.578
-7.42369 0.489888 22.3107 365.485 200.658
4.83835 0.572298 21.9013 773.967 200.658
-13.1493 -0.190877 22.0753 168.41 179.159
-11.3657 -0.911332 18.603 154.077 150.494
-10.56 -1.95847 30.4628 354.735 139.744
-10.7686 1.35921 18.5107 171.993 240.073
-11.1108 1.30255 18.4377 157.66 240.073
-11.1233 0.857657 18.8057 168.41 218.574
-9.54422 -2.50633 25.299 329.653 111.079
-10.6027 -3.28875 24.5712 290.238 85.9964
9.58257 -1.48808 20.8864 967.459 132.578
9.05024 1.16784 18.3362 971.042 229.324
-8.64061 -3.87001 31.1826 404.9 93.1627
-9.16838 -4.05355 28.5076 383.4 85.9964
-8.72698 -3.80331 24.5831 343.985 71.6636
-9.20103 0.389758 23.7757 322.486 197.075
-0.793941 -6.82245 92.16 601.974 128.995
-9.90894 -0.802155 21.1875 261.572 157.66
-10.5713 -1.62499 21.951 250.823 128.995
-6.27239 -2.2834 33.3519 465.814 139.744
-13.9377 -0.348754 20.5231 103.912 171.993
-15.0519 -1.9459 21.1252 82.4132 114.662
-4.44538 1.02011 7.27604 128.995 286.655
-4.59107 1.05115 7.49743 125.411 293.821
-13.0766 1.44426 17.967 68.0805 243.656
-4.19773 1.48012 9.60417 275.905 304.57
-10.7006 0.120809 22.9485 265.155 189.909
-2.16044 1.51672 12.7098 469.397 286.655
-0.366313 1.46551 14.4742 584.059 272.322
-0.763697 0.815651 6.67927 501.645 272.322
8.33195 -2.49776 49.5788 727.386 143.327
2.97371 -7.23176 63.2312 648.556 121.828
8.25244 -0.684427 23.1906 874.296 161.243
1.6367 1.42397 13.8733 709.47 265.155
3.26329 0.623474 118.433 627.057 189.909
5.43287 1.3088 18.5262 831.298 236.49
11.1006 -1.58905 23.21 971.042 121.828
