8.3098 -0.940498 21.6584 892 155
-0.147396 1.37534 17.1096 601 248
12.4341 0.404417 21.0905 1047 202
-9.90465 -4.54381 35.0407 401 93
5.95053 -7.9702 54.9766 687 82
-2.66735 -5.60186 28.118 539 43
4.70725 1.16269 60.6344 665 202
-9.80557 0.419894 25.614 327 201
-0.154217 -6.88017 92.9398 607 134
-9.86766 -6.6699 31.4993 378 34.8
-5.06754 0.398718 20.7933 427.2 202.8
-4.17111 1.30467 23.5739 477.6 229.2
-4.6263 0.642893 33.5271 507.6 202.8
-4.07017 0.337146 22.4734 474 200.4
5.22466 0.329871 21.9884 784.8 200.4
-5.72106 -4.43691 24.3073 433.2 54
4.37097 -7.07711 53.4305 667.2 91.2
4.90099 -7.86728 57.0015 674.4 82.8
-3.65999 -5.8009 26.5242 505.2 28.8
9.02718 -1.612 20.6134 933.6 129.6
-10.7937 -1.57935 20.1959 211.2 132
-9.59481 -1.74448 18.9386 230.4 120
-15.8086 -1.06326 20.0004 22.8 151.2
-9.78808 -1.89121 29.4165 364.8 141.6
-9.90783 -0.593807 30.0275 367.2 175.2
-9.31273 -1.20433 65.5087 505.2 175.2
-9.67781 -3.39191 34.2382 399.6 115.2
9.02653 0.340601 19.1518 961.2 199.2
13.7694 -0.734348 20.935 1095.6 160.8
8.77787 -0.219996 19.2492 946.8 177.6
6.2345 0.974198 21.3611 825.6 223.2
1.5502 1.38965 16.4344 678 250.8
3.76245 1.36098 21.8458 736.8 234
7.26465 -3.42245 20.9891 865.2 67.2
-1.38453 1.4443 11.9635 520.8 279.6
-0.247522 1.4139 11.7116 594 279.6
-3.1929 1.53112 9.75894 357.6 310.8
-2.318 -5.48024 29.135 550.8 51.6
-9.92348 -3.58923 28.2861 350.4 96
-9.92324 1.18132 21.3451 264 230.4
-13.0754 1.48227 17.5298 51.6 252
-4.52395 1.03509 6.71647 73.2 313.2
-12.9871 -3.64508 22.1653 174 68.4
-10.0895 -4.36389 25.2545 313.2 62.4
4.34173 1.49983 8.37183 1012.8 327.6
10.5433 -1.48383 21.2415 976.32 136.8
-2.90069 -4.3283 28.4888 529.92 80.64
-2.74758 -5.64726 28.5451 537.12 43.2
-4.94528 0.360871 20.2916 427.68 201.6
-11.3777 0.795682 18.5803 152.64 220.32
20.4845 -11.2321 876.139 623.52 178.56
5.98257 -1.70885 21.8519 812.16 129.6
-7.16178 0.870761 20.3335 347.04 220.32
-9.92553 0.387555 25.8335 325.44 200.16
-10.4874 -1.27363 17.2047 154.08 135.36
-15.2265 -0.808542 19.8943 40.32 159.84
-9.99105 -1.84637 23.6104 296.64 132.48
13.6908 -0.63977 19.81 1123.2 162.72
-10.3969 -1.59607 20.4097 231.84 131.04
-10.8025 -1.58064 20.2123 210.24 131.04
-9.93048 -1.82776 19.5474 230.4 119.52
-4.60462 0.70544 23.2787 462.24 211.68
-8.0662 -0.325644 44.8821 478.08 182.88
-9.26256 -3.27584 32.6086 400.32 115.2
-9.63645 -0.577542 29.205 367.2 175.68
-10.008 -1.30058 17.2446 175.68 129.6
-10.5095 -1.7132 18.599 190.08 122.4
-6.49583 -5.0035 71.627 542.88 136.8
-13.0057 -0.0933136 20.8599 146.88 187.2
-6.5332 -0.395337 54.4875 521.28 182.88
8.29728 0.395901 18.0303 951.84 204.48
12.4334 0.715294 20.7467 1052.64 213.12
9.50833 0.428078 18.3342 996.48 205.92
10.1755 -0.588542 19.9417 987.84 165.6
8.92237 -0.251603 19.6259 946.08 178.56
12.4995 -0.865756 21.302 1044 156.96
4.24839 0.990978 55.7223 663.84 201.6
0.824927 1.43939 8.0345 688.32 328.32
0.330702 1.46832 7.7166 642.24 338.4
1.8964 1.43864 12.6452 722.88 275.04
8.52716 -0.96861 22.3058 892.8 155.52
7.9825 -0.338093 21.6696 881.28 177.12
2.84219 -6.84336 57.0591 645.12 102.24
8.60089 -6.61011 43.9097 750.24 77.76
8.87478 -8.76843 48.0372 743.04 54.72
2.53984 -5.97781 55.6517 642.24 109.44
7.74291 -2.36424 38.4376 754.56 142.56
8.07294 -3.35567 48.0376 730.08 136.8
-4.26608 0.383197 23.3755 473.76 201.6
-0.00381225 1.37978 14.2133 609.12 262.08
-1.39822 1.44178 12.0818 519.84 279.36
-2.13306 1.4824 11.8688 472.32 283.68
-5.01324 1.49989 16.9039 387.36 254.88
-2.40164 -5.08039 29.1662 551.52 63.36
-5.23287 -4.08391 25.0457 453.6 69.12
-9.27763 -0.44393 24.1472 324 175.68
-9.99705 -1.928 28.1608 347.04 139.68
-8.03402 1.14891 20.2505 315.36 230.4
-3.99 1.53482 8.30907 236.16 334.08
-3.77333 1.5428 8.88776 285.12 326.88
-11.6112 -4.31276 20.1033 181.44 31.68
-10.2005 -4.32109 22.9725 280.8 50.4
-9.95452 -0.567547 17.5737 185.76 165.6
-9.7716 -0.954738 20.0586 247.68 154.08
-16.1092 -2.23636 22.2613 73.44 115.2
-16.0668 -1.72087 21.6209 59.04 131.04
-9.7529 -2.1444 33.3548 393.984 141.696
-10.7821 -1.53039 18.5783 176.256 129.6
-10.1184 -1.74945 19.2837 212.544 122.688
-3.57385 0.478065 44.1478 549.504 195.264
-8.70066 -0.353998 48.79 476.928 183.168
-6.71055 -2.74525 46.7466 502.848 146.88
-4.57808 0.891652 20.1662 437.184 222.912
-9.5966 -1.62196 31.3297 383.616 152.064
-9.26266 -2.44146 47.159 461.376 143.424
9.02167 1.26492 19.0292 962.496 236.736
12.6015 0.38193 21.4758 1043.71 202.176
13.5016 -0.630928 19.5362 1123.2 162.432
9.88596 -0.571793 19.3742 988.416 165.888
13.0526 -0.875192 22.2974 1043.71 157.248
0.837447 1.44989 8.15644 689.472 328.32
7.30818 -5.89874 32.0714 774.144 53.568
8.72679 -2.66151 21.2074 914.112 93.312
7.71874 -3.41132 23.5305 850.176 79.488
7.42043 -4.50986 21.4392 864 32.832
6.07719 -1.51969 20.1498 831.168 131.328
8.30492 -0.499135 22.1271 888.192 171.072
8.66954 -2.26304 21.0683 912.384 108.864
2.93722 -6.80023 57.3648 642.816 105.408
8.84832 -6.80027 45.1729 749.952 77.76
6.6842 -7.79366 55.3523 696.384 86.4
8.27889 -2.54547 41.3841 753.408 143.424
8.45784 -3.33321 50.748 729.216 136.512
-4.34133 1.3208 25.1286 473.472 229.824
-0.0243619 1.42527 14.6819 608.256 262.656
-1.809 1.43156 11.5909 490.752 283.392
-0.718037 1.45781 11.1741 563.328 286.848
-4.29969 -5.886 27.7973 494.208 32.832
-2.32069 -5.04735 29.6878 551.232 63.936
-0.43589 -7.40166 98.14 604.8 133.056
-10.22 -4.53345 30.9735 366.336 81.216
-10.1637 -3.70173 28.8564 349.056 95.04
-9.48147 -2.53504 48.9667 464.832 150.336
-9.75905 1.42119 18.6483 219.456 245.376
-8.22064 1.27099 20.8673 316.224 235.008
-10.4795 0.841503 25.4336 304.128 212.544
-10.8131 0.245262 22.6492 255.744 196.992
-3.93847 1.5194 8.22559 236.736 333.504
-3.83025 1.59742 8.84788 274.752 330.048
-4.44079 1.00689 6.59301 74.304 314.496
-9.72691 -0.506795 17.1718 184.896 165.888
-16.9032 -3.66516 22.2874 44.928 67.392
-15.7966 -1.71828 21.2176 58.752 131.328
-13.1106 -1.04081 20.6594 136.512 155.52
-10.1253 -1.87139 17.1994 169.344 108.864
-5.05454 -0.309451 42.6502 522.547 182.477
-12.8576 -0.0637055 20.6685 145.152 186.624
-9.4962 -1.83481 28.5393 362.88 141.005
-4.77426 -3.77071 103.396 574.387 161.741
-11.6179 -3.39185 20.115 180.403 64.2816
-16.7934 -3.65874 22.0617 43.5456 66.3552
-2.03581 1.49554 10.6671 462.413 296.525
-2.76716 1.47914 11.1008 416.794 290.304
0.844897 1.49449 8.34202 686.362 327.629
8.60593 -2.28325 20.9846 912.384 107.827
8.62725 -3.63505 21.0366 912.384 58.0608
-1.42709 1.45407 12.1848 518.4 279.936
7.04084 -5.71787 31.088 771.379 53.9136
-3.83374 1.57424 8.85594 273.715 329.702
2.71025 -6.19023 57.6292 640.742 109.901
6.76367 1.35847 18.5007 879.207 240.538
-4.52001 1.03262 6.35619 39.3984 319.334
-4.51468 1.01642 6.71659 80.8704 302.746
1.35821 1.3371 14.8366 678.067 257.126
-10.6416 -1.99196 18.0763 170.035 107.827
13.5578 -0.662178 19.6571 1121.82 161.741
13.321 -1.52512 20.6019 1088.64 132.71
6.07631 -1.55466 20.2403 831.514 130.637
4.08965 1.42191 22.8238 740.275 234.317
3.41697 1.31191 25.638 705.024 226.022
7.64282 -2.3499 38.2045 752.717 141.005
-0.00373286 1.35105 13.9173 607.565 261.274
9.51788 1.23318 18.5517 991.181 234.317
-16.1559 0.0859774 22.1978 68.4288 192.845
8.40953 1.17396 18.8438 941.415 234.317
8.1539 0.38906 17.7187 949.709 205.286
5.37692 0.345554 23.0338 781.747 199.066
-10.1149 -1.84207 23.982 296.525 132.71
-10.159 -4.34345 25.3402 313.114 62.208
-9.81795 -3.65336 27.8748 348.365 93.312
9.06978 -1.79281 20.3869 935.194 122.342
-14.9037 -0.579186 20.5955 70.5024 170.035
-15.2558 -1.63094 20.4911 55.9872 130.637
-4.16526 0.337251 22.4804 470.707 201.139
-1.01409 -1.50335 173.865 603.418 182.477
-9.70853 -0.920851 19.9291 246.758 153.446
-10.1823 -0.604057 17.9318 184.55 165.888
-10.4665 -1.70201 18.4775 188.698 120.269
-10.7343 -2.07019 30.2377 348.365 141.005
-10.9516 -1.90272 17.4873 141.005 111.974
-9.65485 -1.89405 32.2522 388.178 146.811
-7.58735 -1.41106 62.5535 517.571 166.717
-3.2784 1.51656 10.6066 365.783 303.575
-12.5505 -21.1659 199.634 562.36 111.974
-0.0743804 1.45071 8.63401 604.662 320.993
7.21053 -5.9656 32.4349 768.891 54.743
0.845112 1.46467 9.09354 679.311 313.528
1.10966 1.42487 11.9401 676.823 278.692
-3.76885 1.55332 8.8772 281.18 323.482
6.51713 -7.52378 53.9688 696.73 84.6029
13.582 -2.28039 20.6938 1094.86 106.998
7.05159 1.39447 19.7388 878.377 241.367
3.44176 0.915748 47.7565 661.893 201.554
2.3963 0.699794 86.9683 627.057 194.089
-1.40373 1.41348 11.8447 520.059 278.692
-2.02006 1.41645 11.5991 475.269 283.669
8.28472 -0.754759 22.4054 885.842 164.229
-10.2298 -1.93904 17.3768 169.206 111.974
8.52439 -3.7559 20.5764 920.679 47.2781
-13.9486 1.56955 18.562 49.7664 251.32
-16.118 0.0242083 22.1882 69.673 191.601
-7.55828 -3.91364 36.9129 457.851 111.974
-3.48587 0.406393 43.0609 549.919 196.577
-9.52484 -0.175197 29.8744 368.271 189.112
12.9381 -0.630638 18.7208 1122.23 161.741
13.4879 -1.57324 20.8599 1089.88 131.881
5.21456 0.721883 21.8182 781.333 199.066
8.54694 1.21223 19.0331 943.073 233.902
8.32078 0.422175 18.0814 950.538 204.042
-10.4641 0.769611 25.3962 306.063 211.507
-0.329766 -5.59961 74.2462 602.174 134.369
-9.72891 -4.18732 22.7664 293.622 54.743
-4.67416 1.25742 19.7426 432.968 236.39
-4.02466 0.328332 21.8858 472.781 201.554
9.44636 -0.786722 18.7167 982.887 156.764
8.82209 -1.70467 20.0179 935.608 124.416
-14.4337 -0.379838 20.6609 89.5795 176.671
-9.6639 -0.944214 19.8375 246.344 154.276
-9.70664 -0.575838 17.0941 186.624 166.717
-9.79511 -1.55463 19.8798 243.855 131.881
-7.15133 -0.827634 45.0184 492.687 174.182
-6.26821 -2.52805 44.0925 502.641 146.811
-2.04456 1.50197 10.713 462.828 296.11
4.74595 0.454102 37.1611 701.706 197.075
-10.2334 0.173488 21.5606 256.795 194.089
8.99482 -3.91592 21.7851 913.711 56.7337
5.91557 -1.47927 19.6139 830.104 131.383
4.66764 -4.87434 105.491 641.987 146.313
13.3287 -1.55802 20.6581 1086.9 131.383
-4.05158 1.26745 26.1933 492.687 223.949
-10.2866 -1.9255 17.4733 167.215 110.481
-11.6598 -3.45194 20.1391 179.159 62.7057
8.43795 -2.6727 48.9929 731.566 149.299
-8.17837 -12.259 83.756 534.491 83.6076
-8.76913 1.26737 22.3384 319.5 229.921
-8.95602 -3.91633 24.6488 340.402 71.6636
5.30312 0.338792 22.5831 782.328 200.061
-9.2082 -3.94608 21.6183 292.626 56.7337
-4.34984 1.18078 22.4646 465.814 226.935
-4.00492 0.354337 21.615 471.786 200.061
-4.9084 -1.73604 87.7877 567.337 173.187
-0.562895 -7.27859 96.5082 603.169 134.369
8.44378 1.14174 18.7453 946.557 232.907
8.31159 0.397786 18.1162 946.557 206.033
-11.1916 1.42801 18.4019 155.271 247.837
-9.97201 -1.89464 32.2623 382.206 146.313
-9.98068 -1.90817 28.4492 349.36 140.341
-10.1809 -0.601027 17.8418 185.131 167.215
-6.86252 -1.41741 55.9361 519.561 170.201
-6.65544 -0.843295 42.6435 492.687 170.201
-7.63639 -4.28875 60.1963 516.575 134.369
-4.62912 1.05395 6.90112 77.6356 313.528
-2.25282 -5.02932 29.3417 549.421 62.7057
-2.18877 1.58481 11.3038 474.772 283.669
-0.290838 1.40336 11.4919 588.239 280.683
-3.93054 -0.0183537 61.1673 561.365 188.117
3.76715 -8.31228 73.5736 644.973 104.509
7.94585 -3.57909 24.2228 851.006 77.6356
1.89172 1.43082 12.7321 719.622 274.711
1.04659 1.42947 11.9787 677.818 280.683
13.465 0.616104 18.6211 1149.6 212.005
-7.26518 -3.68746 35.242 458.647 111.079
-7.2258 0.441088 21.447 358.318 204.241
-16.0507 -0.00664267 22.138 71.6636 189.909
-10.019 1.29712 21.2962 254.406 232.907
-10.5236 0.11638 22.1073 254.406 193.492
6.49467 -0.144226 32.241 756.051 182.742
10.0475 -3.54037 60.286 730.969 146.91
-11.1742 -2.05553 18.8917 168.41 111.079
8.74657 -6.65719 43.42 752.468 75.2468
4.72416 0.497703 20.1176 781.134 200.658
-14.257 -0.401975 20.327 89.5795 175.576
-10.7653 1.35208 17.7415 168.41 247.24
-11.4478 0.854537 18.7373 154.077 222.157
9.21528 1.10906 18.2087 988.958 232.907
-10.068 -3.26502 22.9621 283.071 85.9964
-4.54672 0.27228 51.7217 544.644 193.492
-9.38623 -0.252352 29.1849 372.651 182.742
-10.4964 -1.97648 33.6559 386.984 146.91
-10.588 -1.93264 30.0609 347.569 139.744
-10.1202 -0.511799 20.1974 250.823 157.66
-10.1916 -1.77783 21.2237 243.656 132.578
-10.7299 -1.71873 21.594 225.74 128.995
8.22069 1.11158 18.25 942.377 232.907
-12.6646 -0.179236 20.729 154.077 182.742
-12.2373 -0.923907 19.4109 139.744 154.077
-9.22933 -3.99002 25.1126 340.402 71.6636
-8.67237 1.25339 22.0919 318.903 232.907
-9.5204 0.397569 24.2522 318.903 200.658
-0.756653 -6.99075 87.8316 601.974 132.578
-4.11798 0.358951 21.8964 469.397 200.658
-14.5816 -1.97726 19.9586 68.0805 118.245
-4.58336 1.02452 6.8329 75.2468 297.404
-9.28059 -16.062 147.621 562.56 111.079
-2.04233 1.46004 11.8215 476.563 283.071
-3.15538 1.49402 10.3482 369.068 297.404
-0.310722 1.3888 11.6379 584.059 279.488
-2.01648 1.47062 10.4894 483.73 283.071
-3.3698 0.807247 49.243 558.976 200.658
7.56964 -0.595223 20.1681 885.046 161.243
1.85902 1.4018 12.6302 716.636 272.322
1.10638 1.42065 11.9048 677.221 279.488
2.81114 0.820938 102.024 627.057 193.492
13.3938 -1.66665 20.9397 1082.12 132.578
