-0.146362 1.48386 16.9896 601 255
5.53646 -7.16037 49.8691 687 84
-9.73274 0.548281 24.9701 319 207
-3.79001 -5.83064 26.6601 510 33.6
8.40765 -0.203876 17.8387 958.8 180
4.87368 0.65212 21.5192 775.2 210
5.16708 0.432062 21.0081 790.8 202.8
-4.08784 1.44092 27.4139 498 229.2
-4.57154 0.765825 32.7996 506.4 207.6
-5.93485 -4.47059 24.4918 428.4 56.4
-9.57686 -1.65582 18.2516 217.2 124.8
4.4125 -6.95112 53.0363 667.2 93.6
-4.96383 0.462363 19.8026 421.2 208.8
8.61511 -2.1753 20.2514 921.6 108
-4.13698 0.459202 22.3277 468 206.4
-9.80982 -0.417224 29.3591 361.2 181.2
13.0628 0.27979 20.5562 1087.2 196.8
8.19084 0.437696 17.692 952.8 205.2
13.723 -0.709368 20.2228 1111.2 160.8
13.2126 -1.40158 19.6724 1105.2 133.2
6.15448 1.06765 20.3124 832.8 226.8
1.54547 1.41401 15.69 680.4 256.8
4.28701 1.24473 53.3107 664.8 205.2
3.67804 1.39302 20.5266 739.2 237.6
8.21475 -0.871517 20.7341 900 156
-1.37133 1.475 11.3059 516 290.4
-4.93634 1.58605 16.3381 385.2 262.8
-3.1084 1.55032 8.93109 339.6 326.4
-2.71055 1.51727 10.409 404.4 303.6
-9.67761 -3.35699 27.049 343.2 100.8
-9.73778 -6.45185 31.5044 379.2 40.8
-10.0569 -1.77947 27.6786 340.8 144
-10.1303 -4.24283 24.7532 304.8 64.8
-12.9839 -3.51461 20.5047 138 66
-15.7894 -1.58746 20.6672 43.2 135.6
4.28927 1.50232 7.61687 1048.8 342
-3.71351 -3.5045 25.1381 498.24 87.84
-10.3613 -6.83613 32.4979 372.96 37.44
-15.5895 -1.04877 20.258 34.56 155.52
-9.55974 -1.6782 18.219 217.44 125.28
-4.77778 0.418518 19.0603 421.92 208.8
-4.05287 0.476715 21.7108 469.44 205.92
-15.7529 -0.979183 22.5493 96.48 158.4
-10.6053 -1.60699 18.2738 172.8 129.6
-0.681584 -0.68647 153.458 604.8 185.76
-8.55821 -0.855521 60.2011 504 180
-10.3067 -1.3406 17.1428 159.84 135.36
-9.95722 -0.423493 29.8003 361.44 181.44
-5.7126 -0.213127 47.6436 519.84 187.2
8.15418 0.445513 17.0493 963.36 205.92
9.71091 -3.70971 19.2941 979.2 44.64
11.9025 -0.796097 19.5881 1056.96 156.96
10.1156 -0.538417 19.1457 1000.8 165.6
3.91999 1.10871 50.4936 663.84 204.48
0.852841 1.50695 7.58682 696.96 345.6
1.91629 1.49862 11.9987 730.08 283.68
7.92928 -0.237921 20.8176 889.92 178.56
5.26636 -6.93302 53.4657 678.24 95.04
2.97207 -6.54169 56.5102 643.68 103.68
6.78392 -3.09674 308.509 622.08 180
3.07832 -4.72828 52.9303 649.44 123.84
-4.27073 0.7657 30.9502 508.32 203.04
0.0335421 1.42515 13.3422 607.68 269.28
-1.42445 1.51476 11.6106 515.52 290.88
-0.678966 1.51416 10.7999 558.72 298.08
-4.99034 1.55889 16.2918 378.72 263.52
-2.11749 1.53157 11.2592 463.68 295.2
-2.7179 -5.50665 27.8344 534.24 44.64
-2.22185 -5.21407 27.9264 547.2 53.28
-5.30427 -3.99785 24.7288 447.84 70.56
-8.96126 -4.00775 31.2419 396 97.92
-10.0969 -1.79342 27.8955 341.28 144
-7.89359 1.20985 19.4199 305.28 239.04
-9.89244 0.518273 25.1999 318.24 207.36
-11.8531 1.42325 15.3197 31.68 263.52
-11.1653 0.853214 17.6326 135.36 230.4
-12.5894 0.0487068 19.6229 131.04 194.4
-9.5203 -0.343429 24.1663 318.24 181.44
-13.6467 -3.72399 21.5513 138.24 66.24
-15.5013 -1.53306 20.3272 41.76 136.8
-9.66769 -0.83784 19.2943 235.008 160.704
-9.66656 -1.99546 32.4421 387.072 136.512
-9.81367 -2.85635 32.4809 387.072 122.688
-9.92583 -1.69737 22.9287 286.848 138.24
-10.3165 -1.34499 17.199 158.976 134.784
-4.53493 0.805344 22.4527 457.92 217.728
-9.84224 -0.471272 16.7581 169.344 174.528
-4.91085 0.454903 19.4831 419.904 209.088
12.4216 0.775898 20.0746 1066.18 214.272
13.4595 -1.45564 20.0399 1104.19 133.056
13.464 -0.605995 18.7642 1138.75 167.616
8.16874 -0.793383 19.5213 917.568 157.248
11.469 -0.742543 18.9179 1055.81 157.248
10.1302 -0.537775 19.1229 1000.51 165.888
7.17634 -5.68816 30.9265 772.416 55.296
7.73557 -3.38391 22.902 855.36 79.488
7.90441 -0.400156 20.235 896.832 172.8
8.81978 -6.73054 44.7097 751.68 79.488
6.92036 -7.73145 56.0173 694.656 88.128
2.54113 -5.56419 52.4807 641.088 112.32
7.94669 -3.21083 46.8981 736.128 138.24
-4.21659 1.41805 23.2818 471.744 236.736
-7.7174 -0.192091 42.9412 475.2 188.352
-0.862896 1.49782 8.36062 527.04 330.048
-1.80613 1.50701 11.0787 483.84 293.76
0.0152762 1.45316 13.6045 608.256 269.568
-7.00893 0.937 19.3641 343.872 229.824
-7.15458 1.28361 20.1538 338.688 228.096
-4.78068 1.03326 20.1925 433.728 229.824
-4.17145 -5.6464 26.4917 490.752 34.56
-0.40497 -6.62295 91.1784 603.072 136.512
-9.76827 -4.22072 29.1136 359.424 86.4
-8.96893 -2.20575 45.0258 463.104 155.52
-9.72621 1.4979 18.011 205.632 255.744
-10.0899 0.281108 20.6531 245.376 203.904
-9.53374 -3.93991 20.946 269.568 53.568
-11.8348 -3.2827 19.9617 167.616 69.12
-9.51418 -1.40959 30.5065 377.395 159.667
-4.72745 0.869767 19.0712 420.941 226.022
-9.59727 -0.856005 19.1008 234.317 159.667
-9.41145 -1.9428 31.5859 389.837 145.152
-2.18615 -4.75473 27.9667 547.43 66.3552
6.77827 1.3662 17.9267 885.427 244.685
0.467959 1.51678 8.66836 649.037 323.482
-2.00692 1.53131 9.93636 454.118 308.966
-2.8302 1.55111 10.6411 406.426 302.746
-0.00368291 1.44757 13.731 607.565 269.568
2.5314 -5.83381 52.2799 644.89 103.68
-1.42115 1.49431 11.4538 514.253 290.304
-11.7413 -3.33159 19.7576 165.888 68.4288
6.20345 -7.07022 50.2143 694.656 87.0912
-10.2512 0.313897 20.9237 244.685 203.213
13.1884 -3.91722 19.8003 1101.08 41.472
8.90903 1.13239 16.6863 1003.62 238.464
13.3359 -1.47602 19.9386 1103.16 130.637
3.66157 1.34501 19.8193 731.981 236.39
3.4173 1.42497 25.1162 707.098 230.17
3.2642 1.36113 23.991 702.951 226.022
8.88353 -2.25043 20.9509 920.679 107.827
9.85404 -3.85079 19.7422 976.666 43.5456
8.40559 -3.6771 19.6945 920.679 49.7664
6.18282 -1.52537 19.8589 835.661 130.637
12.8571 -0.578678 17.9183 1138.41 161.741
10.8521 -1.50702 21.1523 987.034 134.784
8.52342 -2.39423 50.3017 731.981 153.446
2.83996 -6.59764 62.228 640.742 111.974
6.22251 1.07452 20.4431 833.587 226.022
-9.38853 -4.17857 32.5735 396.058 97.4592
-10.1499 -3.54652 28.2593 342.144 97.4592
-9.364 -5.93169 30.8505 383.616 51.84
-9.71677 -4.06964 23.7428 302.746 66.3552
-8.13843 1.3914 20.091 306.893 242.611
-10.2698 -1.75619 23.7232 286.157 136.858
-15.1456 -0.428991 20.2674 53.9136 178.33
-15.3465 -1.51499 20.0875 39.3984 136.858
-4.28894 0.493451 22.473 466.56 207.36
-9.82045 -0.469118 16.6815 170.035 174.182
7.57309 -4.67397 23.7928 839.808 43.5456
-3.37365 1.57033 9.50327 328.458 323.482
-1.37876 1.46718 11.3671 512.594 291.133
-2.05177 1.51772 11.1574 480.246 293.622
-3.13895 1.55233 9.39433 348.365 318.505
7.02397 -5.73143 31.3992 771.379 54.743
4.332 -7.27995 80.245 641.987 111.974
-2.01038 1.53395 9.95348 452.874 308.552
13.7735 -2.24129 20.339 1109.79 104.509
6.34641 -7.23315 51.3714 696.73 87.0912
2.32839 1.03262 84.5033 627.057 199.066
-10.5253 -1.8547 17.2667 151.788 111.974
-10.545 -1.67872 16.2601 121.928 111.974
12.8277 -1.44345 19.1389 1102.33 129.393
1.67649 1.34737 13.127 701.706 261.274
7.76649 -0.593114 20.0966 893.307 166.717
6.18802 -1.499 19.8756 843.541 131.881
-9.38896 1.42178 17.3865 204.042 253.809
12.9567 -0.610646 18.1274 1139.65 161.741
8.88765 -2.28063 20.9606 923.167 106.998
6.6384 -5.57199 137.1 639.498 159.253
-3.45168 0.580352 42.6387 544.942 199.066
-3.08834 0.486535 22.158 505.129 206.531
11.881 0.457576 19.5975 1055.05 201.554
9.36983 0.332187 17.3236 1005.28 204.042
-9.47389 -0.307216 23.9639 316.017 181.647
11.5212 -1.40892 19.7754 1037.63 131.881
8.82035 -0.188406 18.7698 958.003 179.159
-9.58218 -3.97129 21.9235 283.669 57.2314
-12.5398 0.0212789 19.5033 131.881 194.089
-9.5385 -0.824355 18.9838 236.39 166.717
-9.43685 -1.38271 18.6781 233.902 139.346
-10.6419 -1.53367 20.3352 218.972 136.858
-0.612892 -6.04484 84.8445 604.662 136.858
-9.74335 -0.444512 16.6291 169.206 174.182
-6.83365 -0.665356 42.6451 490.199 179.159
-9.74722 -3.95395 20.4167 253.809 52.2547
1.93676 1.53795 12.4523 725.594 280.683
-0.288611 1.42532 10.8098 588.239 289.641
1.08082 1.45745 11.2917 683.79 289.641
5.72248 -0.00818481 27.2775 761.426 188.117
-10.1427 -1.81457 16.6771 152.285 113.467
-11.4558 -3.2965 19.2322 164.229 68.6776
12.9687 -0.610028 18.109 1125.72 167.215
13.2238 0.653721 17.545 1170.51 214.991
2.31509 1.02672 84.0208 627.057 197.075
5.23006 -1.43555 18.3571 818.16 131.383
6.5902 1.35753 17.4937 883.851 244.851
5.34655 1.30292 17.0964 845.034 244.851
23.3214 -20.0758 649.615 639.001 158.257
6.17203 -5.68449 135.239 641.987 149.299
9.5383 -2.79012 55.3818 734.552 152.285
13.3831 -1.51538 20.0927 1101.83 128.397
-14.3034 -0.254375 19.8422 71.6636 185.131
-15.5625 -1.99775 20.7481 56.7337 122.425
12.3594 0.420243 20.4334 1045.09 209.019
9.58255 -1.38713 19.4696 973.431 134.369
11.0064 -1.35895 19.074 1036.14 131.383
5.1972 0.439553 21.3723 788.3 209.019
-10.0843 0.252235 20.6415 244.851 203.047
-7.07657 0.58321 20.1712 346.374 212.005
8.4281 1.19929 18.0419 958.501 235.893
8.459 0.518922 17.9477 955.515 209.019
-0.556235 -6.79447 95.3662 603.169 137.355
-11.1571 1.52443 17.7366 143.327 256.795
-8.92538 -3.81529 24.0129 334.43 77.6356
-9.49795 -1.41392 18.7474 232.907 152.285
-9.21161 -3.84703 21.0757 283.669 56.7337
-9.73547 -0.420041 16.5763 167.215 173.187
-9.29747 -1.61909 29.6792 373.248 164.229
-9.78406 -1.75009 28.4528 343.388 146.313
-6.78845 -1.1712 55.3324 516.575 176.173
-7.29074 -0.963026 45.4976 492.687 179.159
-6.07827 -3.41368 47.9139 513.589 137.355
-10.0515 -3.97663 21.6209 253.809 56.7337
-10.2404 -16.8169 162.889 561.365 113.467
5.01785 -11.072 98.0002 644.973 107.495
6.26352 -1.5241 20.2084 836.076 131.383
8.25064 -3.66211 24.3267 856.978 77.6356
6.78023 -5.48231 30.4993 770.384 56.7337
2.92291 0.857435 39.0497 659.305 204.241
2.50311 0.983732 90.8446 627.057 197.075
20.9875 -18.88 584.605 637.806 157.66
4.94688 0.420789 20.46 784.717 207.825
-11.3721 -0.735489 17.4979 118.245 161.243
-15.9472 0.172034 21.3799 71.6636 186.325
-9.38062 -0.331369 23.3177 315.32 182.742
-11.3949 0.924892 18.0747 139.744 232.907
-11.7397 -0.0833007 18.6215 143.327 204.241
8.82319 1.08398 16.6557 999.708 236.49
-3.93701 1.29137 24.5687 490.896 225.74
8.41589 1.16211 17.8562 956.709 236.49
7.53834 0.70039 17.4915 928.044 218.574
-7.959 1.20919 19.8526 300.987 232.907
-8.96262 0.458193 22.2787 311.737 207.825
-9.35004 -0.11288 19.2482 243.656 200.658
-11.2301 -0.748743 17.2425 139.744 171.993
-8.59373 -3.71834 29.9606 397.733 100.329
-9.98012 -0.766859 20.2553 240.073 164.826
-0.718395 -6.17327 83.3906 601.974 136.161
-9.22832 -3.94479 24.8279 333.236 75.2468
-10.1951 -3.12011 22.6064 272.322 89.5795
-10.2048 -1.7871 28.4119 343.985 146.91
-4.48179 1.28548 22.6577 462.23 232.907
-4.54088 0.853043 19.293 429.982 222.157
-4.0188 0.436258 21.2121 462.23 207.825
-10.8528 1.43038 16.9161 125.411 257.989
-9.00778 -14.7926 143.282 562.56 114.662
-16.2976 -22.7601 160.066 533.894 82.4132
-2.17589 1.6218 11.9226 469.397 293.821
-0.3673 1.48524 11.3844 584.059 290.238
9.43277 -3.01214 55.2151 738.135 128.995
7.76698 -0.677027 20.0979 892.212 164.826
1.07367 1.45784 11.0564 680.805 286.655
8.35715 -1.48836 20.1052 913.711 132.578
8.54113 -2.08035 19.8825 924.461 107.495
