-10.9649 -1.59952 16.1457 98 117
-9.9887 -0.233402 16.424 152 180
11.9009 0.984736 17.793 1103 228
-9.90008 -1.4547 17.9628 196 130
-12.7027 0.546912 17.2554 57 214
-10.4609 -1.30328 16.9675 141 135
5.8618 -7.08117 136.779 638 151
12.4464 0.100619 15.1183 1221 192
1.88934 1.53088 12.257 725 286
3.37362 -6.71653 55.3595 650 100
-10.1151 0.764593 25.2306 312 213
-3.69104 1.66422 9.43597 306 326
-10.5387 -1.29655 16.0099 114 130.8
8.22444 0.471901 17.1464 963.6 208.8
4.37389 -6.74403 52.5722 666 96
-12.6754 0.46577 17.8245 76.8 210
13.8947 -0.438262 18.3 1173.6 171.6
13.7889 -0.44806 18.7091 1154.4 169.2
13.2786 -0.602372 17.8817 1158 164.4
4.79658 0.708432 20.5477 778.8 213.6
-10.1747 -6.47492 32.0526 373.2 43.2
13.5059 -0.389133 17.2506 1185.6 169.2
5.28378 -6.55442 123.292 637.2 151.2
-10.4997 -1.47123 18.8134 195.6 129.6
-10.6944 -1.68794 18.6057 178.8 123.6
-12.9139 0.596915 17.3132 56.4 214.8
-9.78308 -1.1062 18.4007 211.2 146.4
-11.6561 -0.252711 17.7827 117.6 180
8.81919 -1.40241 17.6198 978 128.4
-10.8505 -1.37667 17.9229 156 133.2
-9.7705 -1.43242 16.2887 157.2 124.8
-10.4039 -1.6771 16.4663 135.6 115.2
-4.97653 0.608975 19.2135 415.2 213.6
12.151 1.14657 17.6174 1123.2 237.6
12.2634 1.45736 15.2307 1209.6 259.2
13.7029 0.350561 18.2819 1164 201.6
8.74869 1.3031 17.0988 988.8 244.8
9.49989 1.15054 16.9537 1023.6 236.4
9.1278 0.35857 16.3302 1023.6 204
3.96184 1.56606 7.72217 1004.4 345.6
9.9899 -0.515439 18.3287 1011.6 168
7.23158 1.55981 18.4469 904.8 252
5.65792 1.46553 17.6218 846 249.6
1.57077 1.549 15.2987 682.8 264
3.5753 1.40466 19.4991 742.8 242.4
0.192971 1.58713 9.36832 621.6 318
1.87061 1.51705 11.0396 735.6 292.8
1.92885 1.54573 13.7546 711.6 273.6
-1.33915 1.53874 10.5563 508.8 301.2
-1.759 1.59204 10.5203 478.8 304.8
0.0146961 1.54363 13.0879 607.2 278.4
-2.83438 1.65695 10.0275 390 315.6
-2.10206 1.60045 10.4796 453.6 306
-0.151751 -6.26129 91.4539 604.8 140.4
-3.11491 -7.58495 82.3443 578.4 122.4
-9.78285 -4.03999 33.2988 391.2 100.8
-9.91625 -1.56053 28.6058 352.8 150
-9.55352 1.63795 17.118 190.8 262.8
-10.4336 1.72516 17.0385 148.8 265.2
-10.292 -4.1147 24.4018 296.4 67.2
-10.1258 -0.890207 18.7028 204 154.8
-9.88109 -1.52384 24.2267 307.2 144
-12.27 -3.08586 19.7681 145.2 74.4
-4.19772 0.903665 29.8199 502.56 213.12
13.4907 -0.452726 17.8662 1173.6 171.36
-12.5411 0.436302 17.6357 77.76 210.24
-10.1422 -6.39152 30.9993 367.2 38.88
8.78935 -1.39766 17.5602 977.76 128.16
8.40602 -1.25439 18.322 957.6 128.16
-9.5329 -1.49558 17.5626 195.84 129.6
8.30766 0.485288 16.7844 976.32 208.8
-13.0061 0.60006 17.4044 56.16 214.56
-13.2702 0.460595 17.6265 40.32 211.68
-8.59184 -0.434259 59.852 502.56 184.32
-10.93 -1.41188 18.0544 156.96 133.92
-10.9087 -1.53094 17.9778 159.84 126.72
-10.7189 -1.5085 17.1538 141.12 125.28
-10.8267 -0.54031 16.7303 123.84 167.04
-10.5152 -0.984632 16.0081 115.2 149.76
-12.6466 0.23329 19.0911 113.76 201.6
-5.60567 -3.80193 61.8115 541.44 144
12.354 1.12497 18.0574 1123.2 237.6
12.1551 1.44699 15.1223 1209.6 259.2
13.5744 0.347274 18.1105 1164.96 201.6
10.4709 1.32847 17.4316 1054.08 243.36
9.45515 0.489087 16.9158 1023.84 210.24
13.1617 -2.14784 18.7797 1124.64 102.24
13.802 -0.690793 19.6933 1126.08 161.28
8.11648 -2.38512 18.5929 930.24 93.6
9.86699 -0.719749 18.3372 1006.56 159.84
5.14063 0.471983 20.2146 793.44 207.36
6.67331 1.43258 16.6679 904.32 252
1.58793 1.54381 15.6783 684 263.52
0.942249 1.56344 8.93505 685.44 322.56
0.432408 1.5464 8.00984 649.44 339.84
6.84267 -3.09224 18.6458 878.4 72
8.31969 -0.830121 20.4252 908.64 158.4
7.5971 -8.5503 44.4699 730.08 48.96
-3.09002 1.55234 28.049 525.6 230.4
-1.34317 1.55809 10.588 509.76 300.96
-1.74747 1.56855 10.3651 478.08 305.28
-0.597371 1.54602 9.94202 555.84 309.6
-6.32063 0.88861 19.4844 365.76 224.64
-4.17507 0.597721 21.718 465.12 211.68
-2.87675 1.66756 10.1774 390.24 315.36
-2.1144 1.60984 10.5411 453.6 306.72
-2.39792 -5.26711 28.6372 544.32 53.28
-10.0255 -3.23372 27.2788 336.96 102.24
-9.81448 -5.81837 26.604 338.4 34.56
-9.79652 1.67543 17.5097 190.08 262.08
-9.63198 0.725557 23.9425 311.04 213.12
-9.73031 0.730358 21.1837 266.4 216
-4.34704 1.66611 8.04986 180 347.04
-7.24374 1.74046 14.4167 221.76 282.24
-3.14734 1.65215 8.43603 318.24 342.72
-3.58396 1.69405 8.46948 279.36 344.16
-11.2499 1.06698 17.1267 116.64 237.6
-5.57107 1.54349 7.6109 38.88 347.04
-11.0308 1.85455 15.3617 63.36 283.68
-9.8471 -1.13623 18.4728 210.24 145.44
-14.3079 -3.99167 18.7281 40.32 33.12
-11.5638 -3.97243 18.8843 155.52 31.68
-13.3403 -4.24514 20.1807 109.44 33.12
-10.5364 -1.54016 15.5465 99.36 116.64
3.96385 1.5754 7.76821 1005.12 347.04
8.44143 -1.17932 18.3435 945.216 138.24
-11.4917 -0.441444 17.4209 120.96 172.8
-11.5037 -0.440974 17.4024 114.048 172.8
-10.5413 -0.52607 16.2894 124.416 167.616
8.39449 0.466767 16.9598 974.592 209.088
8.38884 0.529992 17.4891 964.224 209.088
-6.10888 -3.08728 38.1222 494.208 124.416
-11.0077 -1.42192 18.1827 158.976 131.328
-10.7988 -1.2099 17.3201 141.696 138.24
-10.4346 -1.25105 16.5879 141.696 126.144
-4.37217 1.02808 18.5762 428.544 226.368
-4.869 0.595816 18.7983 412.992 214.272
-10.0015 -0.500343 32.0689 381.888 183.168
12.3199 1.11958 17.9709 1119.74 229.824
12.2686 0.991713 18.3811 1102.46 228.096
12.6737 0.79511 19.857 1080 217.728
14.1749 1.28591 18.2022 1195.78 240.192
13.4289 0.367793 17.8832 1164.67 202.176
8.69885 1.29217 16.9552 988.416 245.376
9.28353 1.252 16.7337 1019.52 243.648
9.56044 0.518327 17.1042 1024.7 210.816
12.2454 -0.797129 19.6135 1069.63 158.976
13.9935 -0.536074 18.1639 1178.5 165.888
8.5775 -3.44994 19.649 929.664 57.024
10.2475 -0.527383 18.7534 1012.61 167.616
5.16804 0.511159 20.6614 793.152 207.36
6.74917 1.46928 17.095 903.744 252.288
5.53185 1.40283 17.1548 848.448 250.56
3.67045 1.27831 46.447 663.552 209.088
0.910769 1.52748 8.87057 684.288 323.136
1.09386 1.54424 10.8002 682.56 297.216
1.90953 1.52045 11.1775 736.128 293.76
5.20757 -6.63498 52.8688 677.376 96.768
2.7882 -6.40189 55.9752 642.816 107.136
6.61103 -7.40371 54.7463 696.384 88.128
2.58651 -5.60157 54.9981 641.088 115.776
-1.36184 1.54784 10.6187 501.12 311.04
-1.89891 1.64802 10.9913 476.928 305.856
-0.783338 1.53467 14.3676 566.784 271.296
-6.85635 1.08972 18.3093 328.32 233.28
-4.36079 1.045 18.419 432 231.552
-2.89541 1.67837 10.2434 390.528 316.224
-4.89674 1.69219 15.8423 368.064 271.296
-1.95731 1.60712 9.18466 444.096 324.864
-2.1229 1.61632 10.5835 454.464 307.584
-0.551694 -6.47585 94.5878 603.072 139.968
-9.85813 -4.11776 33.555 392.256 101.952
-9.72111 -5.68065 26.6524 338.688 34.56
-9.98793 -1.54068 26.8715 333.504 148.608
-10.1793 0.499824 20.2033 231.552 210.816
-10.9924 1.03908 17.0597 122.688 236.736
-10.8422 1.87574 15.1872 69.12 283.392
-10.1462 -0.687397 19.5965 222.912 165.888
-9.8412 -1.10698 18.4137 205.632 141.696
-9.57676 -0.139605 23.8053 309.312 186.624
-10.24 -1.50529 22.918 276.48 141.696
-12.065 -3.1853 19.7028 152.064 67.392
-13.9232 -3.53771 21.332 122.688 67.392
-10.3704 -1.65251 16.4495 134.784 115.776
-13.9826 -3.90091 18.3022 39.744 32.832
-2.91038 1.70138 10.2963 389.837 315.187
7.78287 -3.33591 22.5771 860.544 78.7968
7.27042 -4.46047 22.5463 843.955 43.5456
1.09485 1.54564 10.81 682.214 296.525
11.5648 1.26297 16.2751 1134.26 244.685
13.6012 0.772239 17.4655 1188.17 221.875
13.3078 0.364475 17.7219 1165.36 203.213
1.90713 1.531 11.2551 734.055 292.378
2.70058 -6.03225 52.7432 642.816 105.754
-7.51999 1.05871 10.1767 41.472 267.494
0.014646 1.52022 13.0432 607.565 277.862
-1.79727 1.58534 10.5733 474.854 304.819
-1.38585 1.55823 10.69 495.59 302.746
-1.95317 1.63118 8.76472 435.456 333.85
12.9974 -2.12102 18.5452 1123.89 103.68
-7.21625 1.73939 14.2437 221.875 282.01
11.1439 -3.67875 18.5949 1047.17 41.472
9.54789 -3.68176 18.6102 987.034 41.472
9.19254 -2.29854 21.1252 928.973 107.827
6.72254 -7.60604 55.6698 694.656 89.1648
6.90792 1.4795 17.4971 902.016 250.906
6.16752 1.11891 19.7216 839.808 230.17
4.11804 1.3861 53.0448 661.479 207.36
12.1505 1.19513 17.9793 1109.38 236.39
9.53169 1.22538 17.0104 1028.51 240.538
8.81941 1.31008 17.1903 989.107 242.611
13.5603 -0.61863 18.3644 1155 167.962
15.0621 -5.30547 731.229 620.006 182.477
-9.28427 1.76912 14.8249 147.226 279.936
7.94437 -0.363531 19.774 904.09 174.182
6.13963 -1.48812 19.3739 841.882 132.71
11.7019 -1.45223 19.6172 1049.24 132.71
-7.70472 0.045369 41.5832 472.781 190.771
5.00604 0.495135 20.0138 792.115 207.36
-9.61021 1.66746 17.1767 188.698 261.274
-10.4307 0.510758 20.6452 232.243 209.434
-10.2816 -4.01623 24.2174 294.451 68.4288
-2.29762 -4.55058 27.4394 545.357 66.3552
-4.13392 -5.33406 25.3573 487.296 39.3984
8.31552 1.24524 17.2861 966.298 242.611
8.26266 0.507307 16.7405 974.592 209.434
8.21036 0.881115 18.7482 933.12 223.949
8.38646 -0.837055 17.5861 960.077 151.373
8.89932 -1.39819 17.8793 976.666 128.563
8.47067 -1.22877 19.9772 920.679 143.078
-10.0741 -0.36425 23.3461 288.23 176.256
-9.30614 -3.88719 31.6761 391.91 101.606
-10.1757 -4.06774 29.4724 354.586 87.0912
-10.0918 -0.708918 19.4391 221.875 163.814
-9.9819 -1.14581 18.6285 205.286 141.005
-4.46311 1.12183 18.4183 425.088 234.317
-4.16844 0.65238 21.5278 462.413 211.507
-9.97087 -0.255208 16.3572 151.373 178.33
-10.768 -0.536232 16.604 122.342 172.109
-10.8597 -1.58841 18.0626 157.594 130.637
-10.387 -1.5814 16.1901 134.784 116.122
-9.91115 -1.53458 26.7651 333.85 149.299
-12.6204 0.232807 19.0516 114.463 201.554
-11.0938 -0.27215 17.4431 121.928 171.694
-9.94837 -3.88929 21.1461 253.809 57.2314
-2.019 1.55227 10.3527 457.851 306.063
7.0373 -5.63714 30.8827 773.868 57.2314
-13.0706 1.79432 17.7217 67.1846 266.25
1.91042 1.5433 11.4627 734.055 291.133
13.2571 0.726425 16.963 1189.42 221.461
13.5621 -2.19498 19.4282 1124.72 104.509
8.71609 -2.18631 19.84 930.632 106.998
8.61595 -3.71628 19.6121 930.632 47.2781
-0.223408 1.54084 10.5707 587.244 301.087
-0.00352179 1.53037 13.1303 607.15 276.204
13.7964 -1.53644 20.003 1117.26 131.881
0.489385 1.61287 8.41475 651.94 323.482
-10.2203 1.58098 16.7664 151.788 263.762
-13.8997 -3.53172 21.2958 126.904 72.1613
6.08332 -6.72781 49.2419 696.73 89.5795
6.54522 1.38498 16.9365 903.26 251.32
6.19904 1.11964 19.7346 841.052 228.925
-1.77217 1.5523 10.2577 475.269 303.575
3.32669 1.49271 23.9603 711.66 233.902
6.31988 -5.20889 142.832 639.498 161.741
8.2925 -2.15778 48.1483 736.543 154.276
9.00927 -3.21751 52.3101 731.566 144.323
-8.47891 -3.49446 29.1364 393.155 102.021
-10.2596 -3.41283 27.8106 335.923 99.5328
-10.0062 -5.9903 32.0839 378.225 52.2547
-9.8196 1.65086 17.5075 189.112 261.274
-9.74746 0.11481 17.2505 184.136 196.577
-13.6879 -0.0313264 18.5237 59.7197 181.647
-10.8191 -1.60041 15.931 102.021 119.439
-10.1586 1.07022 23.4665 288.645 223.949
8.86193 1.27525 17.3673 990.352 243.855
9.76674 0.578126 17.4733 1025.19 211.507
11.4166 -1.44008 19.0943 1050.07 131.881
12.0403 1.13707 17.853 1102.33 226.437
11.9847 0.724187 18.7367 1079.93 216.484
8.0181 1.2054 17.0626 967.957 241.367
-11.0938 1.08485 17.0332 121.928 236.39
-9.54223 -0.138146 23.5565 308.552 186.624
-0.302515 -4.66312 68.1107 602.174 139.346
-9.85485 -3.87908 21.9195 273.715 59.7197
-4.47886 1.10007 18.4833 427.991 231.414
-4.34635 0.670587 22.1286 462.828 211.507
-9.88639 -0.253046 16.2186 151.788 179.159
-10.6593 -1.22352 17.1731 156.764 129.393
-10.5839 -1.65587 16.7145 134.369 116.951
-9.15498 -1.68738 30.1619 383.201 149.299
-10.3191 -1.59177 27.7625 335.923 149.299
-6.94296 -0.368242 42.5879 490.199 181.647
-7.02373 1.76656 15.7197 273.715 273.715
-6.80834 -8.91695 84.1034 547.43 111.974
-2.14247 1.62765 10.7556 462.828 304.57
-1.36294 1.56171 10.5132 507.617 301.584
12.053 0.351136 15.9916 1167.52 203.047
-10.6711 -1.73603 16.8153 134.369 116.453
-12.1076 -3.20223 19.6385 149.299 71.6636
4.43227 0.676892 32.9125 704.692 203.047
13.5517 -1.53963 19.6879 1116.76 131.383
12.0504 -1.47208 19.5186 1066 134.369
2.77352 1.65011 100.659 627.057 200.061
7.86682 -0.52891 19.7864 901.767 167.215
8.71656 -0.154884 17.9126 964.473 173.187
-10.3199 -0.534232 19.9855 220.963 164.229
-9.65051 -1.19191 18.5394 217.977 140.341
8.84465 1.26244 17.1928 991.347 241.865
9.11668 0.430486 16.4743 1015.23 206.033
8.47094 -2.21886 48.0208 734.552 155.271
-6.94844 1.04883 18.4865 328.458 232.907
8.18616 0.895983 18.5165 934.613 223.949
8.24461 0.506199 16.704 973.431 209.019
-14.3133 -0.00575794 19.1894 59.7197 182.145
-10.4865 -1.31506 15.9644 116.453 125.411
-14.3417 -1.34396 19.6302 59.7197 140.341
8.80878 -0.47216 15.9983 1015.23 167.215
11.3384 -1.43356 19.0078 1048.08 134.369
-10.2673 0.502753 20.3217 232.907 209.019
-10.2987 -1.54598 23.0493 277.697 140.341
4.60713 0.606045 18.3171 791.286 212.005
-9.29479 -3.6818 24.4575 325.472 77.6356
-9.54561 -3.77521 21.1662 271.725 59.7197
-4.66635 -2.84199 101.059 567.337 164.229
-0.539144 -6.19994 92.436 603.169 140.341
-9.13633 -14.2833 142.18 561.365 119.439
-10.7845 -1.50739 19.2757 188.117 131.383
-10.8082 -1.52105 17.2966 146.313 125.411
-4.58886 1.06827 18.8291 447.898 232.907
-6.86386 -0.370368 42.8337 489.701 182.145
-10.6822 1.62892 16.5427 119.439 265.753
-0.204515 1.50991 10.3585 585.253 301.584
3.9856 -8.46944 77.8399 644.973 110.481
5.71968 -1.471 19.5042 824.132 131.383
6.77575 -5.37773 29.9175 773.37 56.7337
1.91632 1.54497 11.5949 731.566 289.641
1.09037 1.51846 10.6198 686.776 298.598
11.4161 -1.80485 18.7447 1057.04 116.453
6.51878 -7.79509 55.9148 691.554 89.5795
-5.0279 0.795618 73.4728 555.393 193.492
13.7029 -1.58771 19.9479 1110.79 132.578
13.5149 -0.85089 19.5949 1128.7 157.66
5.03295 -4.30642 113.747 637.806 161.243
4.50014 0.554459 18.2965 788.3 211.408
-10.8583 1.08502 16.6717 121.828 240.073
-12.4429 0.381508 18.55 111.079 207.825
-10.6646 -1.41873 16.133 114.662 125.411
9.29212 1.23918 16.8761 1014.04 240.073
8.9641 0.402773 16.2804 1014.04 204.241
9.32347 0.477458 18.2718 988.958 207.825
-8.40687 -3.40829 28.7514 394.15 103.912
-9.38203 -3.81907 27.3945 354.735 89.5795
-6.7293 0.987196 17.8375 326.07 232.907
-7.59371 1.15649 17.7699 286.655 222.157
-8.88953 0.718682 21.7214 304.57 211.408
8.3845 1.22073 17.2796 967.459 240.073
8.21352 0.56167 16.9759 963.876 211.408
-10.042 1.43983 20.3809 250.823 240.073
-3.11573 0.633687 21.917 498.062 211.408
-9.98907 -0.277205 16.3126 150.494 179.159
-10.6571 -1.2151 17.0549 143.327 136.161
-9.82793 -0.567839 19.2402 229.324 164.826
-10.2571 -1.29375 18.8968 214.991 139.744
9.50414 -1.33065 18.6768 981.792 132.578
-0.726351 -5.77248 84.3141 601.974 139.744
-10.2942 -1.52803 28.01 336.819 150.494
-9.74474 -1.48259 23.5708 297.404 143.327
-9.28999 -3.73424 24.3557 326.07 78.83
-8.98916 -1.36925 27.9503 365.485 164.826
-4.54876 0.664892 22.9963 462.23 211.408
-4.99981 0.488665 18.7007 408.483 211.408
-5.89629 -4.15505 52.2039 526.728 132.578
-14.1135 -3.56356 21.6696 125.411 68.0805
-9.96286 -2.96667 21.4947 261.572 93.1627
-10.9033 1.61565 16.885 136.161 265.155
-8.81239 -13.8867 140.174 558.976 118.245
-2.11477 1.64943 11.0007 469.397 304.57
-0.287007 1.50355 10.2173 584.059 300.987
-1.84366 1.56233 10.4198 483.73 300.987
2.63053 -5.77472 55.9341 644.973 111.079
7.84834 -3.41354 22.6755 863.547 71.6636
1.1159 1.52773 10.5817 684.388 297.404
3.17868 1.44022 26.0231 698.72 229.324
2.81568 1.67519 102.189 627.057 197.075
8.48776 -2.09552 19.2593 931.627 107.495
12.9137 -2.08588 18.4625 1121.54 103.912
11.2457 1.20847 15.857 1128.7 232.907
