1593 148
1594 148
1595 150
1596 151
1597 152
1602 157
1603 158
1605 161
1606 162
1607 163
1617 174
1618 175
1619 176
1630 191
2456 403
2457 404
3307 2364
3314 2370
3315 2371
3316 2372
3317 2373
3332 2388
3338 2394
3339 2395
3340 2396
3341 2397
3342 2398
3343 2399
3344 2400
3345 2401
3346 2402
3347 2403
3348 2404
3349 2405
3350 2406
3352 2408
3353 2408
3354 2409
3355 2410
3356 2411
3357 2412
3358 2413
3359 2414
3360 2415
3361 2416
3362 2417
3363 2417
3364 2418
3365 2419
3368 2421
3371 2423
3372 2424
3373 2425
3374 2426
3375 2427
3376 2428
3377 2429
3380 2431
3381 2432
3382 2433
3389 2439
3390 2440
3391 2441
3395 2444
3396 2445
3397 2446
3400 2448
3401 2449
3402 2450
3405 2452
3406 2453
3408 2454
3410 2455
3416 411
3427 422
3428 423
3429 424
3430 425
3435 431
3436 432
3437 433
3438 434
3439 435
3440 436
3441 437
3442 438
3443 439
3444 440
3445 441
3446 442
3447 444
3448 445
3449 446
3450 447
3451 448
3452 449
3453 450
3454 451
3455 452
3456 453
3457 454
3458 455
3459 456
3460 457
3461 458
3462 459
3463 460
3464 462
3465 463
3466 464
3467 465
3468 466
3469 467
3470 468
3471 469
3472 471
3473 472
3474 473
3475 474
3476 476
3477 477
3478 478
3481 482
3482 483
3483 484
3484 485
3485 488
3486 489
3490 494
3491 495
3494 499
3495 500
3496 501
3497 502
3498 504
3499 505
3500 506
3501 507
3502 509
3503 510
3504 511
3505 513
3520 530
3521 532
3522 533
3523 535
3524 534
3525 535
3526 548
3527 566
3528 568
3529 569
3530 570
3531 571
3532 572
3533 573
3534 574
3535 575
3536 576
3538 578
3544 583
3555 595
3556 596
3559 600
3560 601
3561 602
3562 603
3563 604
3564 605
3565 606
3566 607
3567 608
3568 609
3569 610
3570 611
3571 613
3572 614
3573 615
3574 616
3575 618
3576 619
3577 620
3578 621
3580 623
3581 625
3582 626
3583 627
3584 628
3585 629
3586 630
3590 635
3591 636
3592 638
3593 639
3594 640
3595 641
3596 642
3597 643
3598 645
3599 646
3600 647
3601 648
3603 651
3604 652
3605 653
3606 655
3607 656
3608 657
3609 658
3610 659
3611 661
3612 662
3613 663
3614 664
3615 666
3616 667
3617 668
3618 669
3619 671
3620 672
3621 673
3622 674
3623 675
3624 676
3625 678
3626 679
3627 680
3628 681
3629 682
3630 683
3631 684
3632 686
3633 687
3634 688
3635 689
3636 690
3637 692
3638 693
3639 694
3640 695
3641 696
3642 698
3643 699
3644 700
3645 701
3646 702
3647 703
3648 704
3649 706
3650 707
3651 708
3652 710
3653 711
3654 712
3656 715
3657 717
3658 718
3661 719
3663 721
3699 759
3700 760
3713 774
3714 775
3715 776
3716 777
3717 778
3718 780
3719 781
3725 788
3726 789
3727 790
3728 791
3730 794
3731 795
3743 809
3745 812
3746 813
3747 814
3748 816
3749 817
3759 829
3760 830
3761 831
3762 832
3763 833
3764 835
3765 837
3766 838
3767 839
3768 841
3769 842
3770 844
3771 846
3772 847
3773 849
3774 850
3775 852
3776 853
3777 855
3778 856
3779 857
3780 859
3781 859
3782 861
3783 862
3784 864
3785 865
3786 866
3787 867
3788 869
3789 870
3790 871
3791 872
3792 873
3793 875
3794 876
3795 877
3796 879
3797 880
3798 881
3799 882
3800 883
3804 888
3805 889
3807 892
3808 893
3809 894
3814 900
3820 907
3821 908
3822 909
3823 911
3824 912
3825 914
3826 915
3841 936
4460 11
4462 13
4477 28
4478 29
4479 30
4480 31
4491 43
4492 44
4496 49
4497 50
4498 51
4499 53
4500 54
4501 55
4502 56
4503 57
4504 59
4505 60
4506 61
4507 62
4508 64
4509 65
4510 66
4511 68
4512 69
4513 71
4514 73
4526 92
