1593 148
1594 148
1595 150
1596 151
1597 152
1602 157
1603 158
1605 161
1606 162
1607 163
1617 174
1618 175
1619 176
1630 191
2456 403
2457 404
3307 2364
3314 2370
3315 2371
3316 2372
3317 2373
3332 2388
3338 2394
3339 2395
3340 2396
3341 2397
3342 2398
3343 2399
3344 2400
3345 2401
3346 2402
3347 2403
3348 2404
3349 2405
3350 2406
3352 2408
3353 2408
3354 2409
3355 2410
3356 2411
3357 2412
3358 2413
3359 2414
3360 2415
3361 2416
3362 2417
3363 2417
3364 2418
3365 2419
3368 2421
3371 2423
3372 2424
3373 2425
3374 2426
3375 2427
3376 2428
3377 2429
3380 2431
3381 2432
3382 2433
3389 2439
3390 2440
3391 2441
3395 2444
3396 2445
3397 2446
3400 2448
3401 2449
3402 2450
3405 2452
3406 2453
3408 2454
3410 2455
3416 411
3427 422
3428 423
3429 424
3430 425
3435 431
