0.999991 -0.00258855 -0.00337776 -0.00124577 0.00258148 0.999994 -0.00209743 -0.00142199 0.00338318 0.00208869 0.999992 0.683633
0.999969 -0.0023813 -0.00753255 -0.0112303 0.00235616 0.999992 -0.00334477 -0.00765964 0.00754045 0.00332692 0.999966 1.38425
0.99993 -0.0024806 -0.0115341 -0.0237784 0.00243053 0.999988 -0.00435247 -0.0165023 0.0115448 0.00432413 0.999924 2.09621
0.99986 -0.00129769 -0.0167102 -0.0376519 0.00121198 0.999986 -0.00513826 -0.018878 0.0167167 0.00511728 0.999847 2.82726
0.999774 -0.00218671 -0.0211572 -0.056566 0.00207261 0.999983 -0.00541312 -0.0240929 0.0211687 0.00536804 0.999762 3.57388
0.999657 -8.009e-05 -0.0261759 -0.0766853 -0.000112448 0.999973 -0.00735401 -0.0241085 0.0261758 0.00735444 0.99963 4.33633
0.999516 0.00260552 -0.0309863 -0.111179 -0.00284241 0.999967 -0.00760315 -0.0352106 0.0309655 0.00768755 0.999491 5.10472
0.999367 0.00281324 -0.0354697 -0.138573 -0.00302858 0.999977 -0.00601895 -0.0419054 0.035452 0.00612256 0.999353 5.89956
0.999204 0.00221509 -0.0398347 -0.176766 -0.002349 0.999992 -0.00331512 -0.0494241 0.039827 0.00340605 0.999201 6.70011
0.999065 0.00156325 -0.0432093 -0.217589 -0.0015846 0.999999 -0.000459822 -0.0622228 0.0432085 0.000527862 0.999066 7.52132
0.99893 0.00267429 -0.046171 -0.257496 -0.00271937 0.999996 -0.000913642 -0.0748785 0.0461684 0.00103822 0.998933 8.34317
0.998823 0.00219056 -0.048445 -0.304314 -0.00225086 0.999997 -0.00119023 -0.0816842 0.0484422 0.00129787 0.998825 9.16799
0.998746 -0.00117555 -0.0500546 -0.347132 0.00109777 0.999998 -0.00158137 -0.0887248 0.0500563 0.00152444 0.998745 10.0012
0.998635 -0.00137417 -0.0522129 -0.393062 0.00135592 0.999999 -0.000385045 -0.102534 0.0522133 0.000313723 0.998636 10.8405
0.998544 -0.00325212 -0.0538508 -0.440123 0.00321094 0.999994 -0.000851336 -0.107909 0.0538532 0.000677185 0.998549 11.69
0.998435 -0.00112349 -0.0559147 -0.489339 0.000945003 0.999994 -0.00321843 -0.113968 0.055918 0.00316055 0.99843 12.5585
0.998358 -0.000781793 -0.0572835 -0.546191 0.000445152 0.999983 -0.00588928 -0.122949 0.0572871 0.00585411 0.998341 13.4142
0.99826 0.00267271 -0.0589027 -0.610924 -0.00309367 0.99997 -0.00705661 -0.138992 0.0588821 0.00722656 0.998239 14.2921
0.9982 0.00365363 -0.0598567 -0.670004 -0.00407242 0.999968 -0.00687597 -0.148156 0.0598297 0.00710736 0.998183 15.1938
0.998117 0.00263543 -0.0612845 -0.728137 -0.00297359 0.999981 -0.00542728 -0.162844 0.061269 0.00559929 0.998106 16.0939
0.998019 0.00333771 -0.0628193 -0.789007 -0.00358913 0.999986 -0.00388989 -0.173012 0.0628055 0.00410766 0.998017 16.993
0.997967 0.00295172 -0.0636626 -0.851671 -0.0031898 0.999988 -0.00363847 -0.188174 0.0636511 0.00383414 0.997965 17.8994
0.99782 0.00233758 -0.0659537 -0.907042 -0.002635 0.999987 -0.00442282 -0.202746 0.0659424 0.00458696 0.997813 18.8092
0.997735 0.00073254 -0.0672652 -0.968224 -0.00107108 0.999987 -0.00499698 -0.213266 0.0672606 0.00505771 0.997723 19.7195
0.997704 0.000177086 -0.0677301 -1.03969 -0.000393823 0.999995 -0.00318667 -0.227228 0.0677292 0.00320603 0.997699 20.6512
0.997678 0.000913226 -0.0681044 -1.1031 -0.000893453 1 0.000320794 -0.241088 0.0681046 -0.000259201 0.997678 21.5802
0.997725 0.00195793 -0.0673916 -1.17057 -0.00169414 0.999991 0.0039712 -0.248787 0.0673987 -0.00384799 0.997719 22.5191
0.997841 0.000797411 -0.0656754 -1.23804 -0.000342962 0.999976 0.00693061 -0.255566 0.0656794 -0.00689312 0.997817 23.4615
0.997934 0.000976622 -0.0642362 -1.30088 -0.000480388 0.99997 0.00774014 -0.258803 0.0642418 -0.00769329 0.997905 24.4044
0.998017 0.000453245 -0.0629508 -1.3661 -0.000152767 0.999989 0.00477795 -0.259315 0.0629523 -0.00475886 0.998005 25.3624
0.998057 0.000638869 -0.0623046 -1.42689 -0.00064911 1 -0.000144123 -0.258841 0.0623045 0.000184286 0.998057 26.3188
0.998128 -0.000714475 -0.0611494 -1.4878 0.00054577 0.999996 -0.00277557 -0.268535 0.0611511 0.002737 0.998125 27.2811
0.998146 -0.00396512 -0.0607367 -1.54324 0.00386256 0.999991 -0.00180595 -0.278026 0.0607434 0.001568 0.998152 28.2542
0.998117 -0.0059227 -0.0610603 -1.60168 0.00612312 0.999976 0.00309581 -0.287923 0.0610406 -0.00346386 0.998129 29.2253
0.998024 -0.0103423 -0.0619796 -1.65814 0.0107705 0.99992 0.00657819 -0.295235 0.0619067 -0.00723274 0.998056 30.2058
0.997843 -0.0178604 -0.0631739 -1.71224 0.0182828 0.999814 0.00611377 -0.303885 0.063053 -0.00725558 0.997984 31.1733
0.997723 -0.0198511 -0.06446 -1.77917 0.0200315 0.999797 0.0021535 -0.310901 0.0644041 -0.00343983 0.997918 32.1669
0.997649 -0.0194677 -0.0657027 -1.84764 0.0193963 0.99981 -0.00172461 -0.319775 0.0657238 0.000446166 0.997838 33.1509
0.997505 -0.018525 -0.0681154 -1.91645 0.018386 0.999827 -0.00266729 -0.324907 0.068153 0.00140826 0.997674 34.1352
0.997454 -0.0182878 -0.0689237 -1.98658 0.0182426 0.999833 -0.00128491 -0.335018 0.0689357 2.4288e-05 0.997621 35.1476
0.997405 -0.0159418 -0.0702092 -2.06809 0.0160706 0.99987 0.00126933 -0.342525 0.0701798 -0.00239434 0.997531 36.1413
0.997333 -0.0162969 -0.0711461 -2.14572 0.0165341 0.99986 0.00274647 -0.352997 0.0710914 -0.00391548 0.997462 37.1482
0.997263 -0.0153082 -0.0723349 -2.22189 0.0157477 0.999861 0.00551012 -0.36318 0.0722405 -0.00663415 0.997365 38.1443
0.997281 -0.0156446 -0.0720109 -2.29907 0.016319 0.999828 0.00878527 -0.371626 0.0718611 -0.00993652 0.997365 39.1454
0.997294 -0.0102499 -0.0727946 -2.38233 0.0111105 0.999873 0.0114274 -0.380946 0.0726682 -0.0122053 0.997281 40.1382
0.997275 -0.011115 -0.0729284 -2.46139 0.0119527 0.999867 0.0110599 -0.386083 0.0727958 -0.0119015 0.997276 41.1526
0.997286 -0.0109577 -0.072806 -2.53719 0.0116684 0.999888 0.00934467 -0.390946 0.0726955 -0.0101688 0.997302 42.1544
0.997292 -0.00891744 -0.0730053 -2.61501 0.00947464 0.999929 0.00728958 -0.400523 0.0729351 -0.00796154 0.997305 43.1523
0.997205 -0.00951547 -0.0741094 -2.69013 0.0100778 0.999923 0.00721697 -0.404084 0.074035 -0.00794365 0.997224 44.144
0.997062 -0.0117738 -0.0756838 -2.76087 0.0124628 0.999885 0.00863778 -0.411771 0.0755734 -0.00955564 0.997094 45.1309
0.997011 -0.0110641 -0.0764584 -2.83985 0.0118439 0.999882 0.00975329 -0.422515 0.0763415 -0.0106297 0.997025 46.1212
0.997015 -0.00942915 -0.0766264 -2.91975 0.00996885 0.999928 0.0066638 -0.436801 0.0765581 -0.00740779 0.997038 47.0891
0.996948 -0.00966322 -0.0774723 -3.00029 0.00989133 0.999948 0.0025611 -0.445508 0.0774435 -0.00331959 0.996991 48.0514
0.996875 -0.00909343 -0.0784722 -3.07379 0.00924256 0.999956 0.00153743 -0.456701 0.0784548 -0.00225791 0.996915 49.0246
0.996872 -0.0100763 -0.0783873 -3.15844 0.0105182 0.999931 0.00522651 -0.47391 0.0783292 -0.00603465 0.996909 50.0024
0.996842 -0.0123389 -0.078449 -3.23666 0.0130152 0.999882 0.00811527 -0.481881 0.0783396 -0.00911067 0.996885 50.9752
0.99678 -0.0148388 -0.0788057 -3.31237 0.0155931 0.999838 0.00896398 -0.490782 0.0786599 -0.0101639 0.99685 51.9387
0.996712 -0.0179991 -0.0790063 -3.38833 0.0186713 0.999795 0.0077777 -0.495137 0.0788501 -0.00922728 0.996844 52.8913
0.996638 -0.0207504 -0.0792637 -3.46479 0.0212908 0.999755 0.00597896 -0.494206 0.0791203 -0.00764645 0.996836 53.8565
0.996514 -0.0221481 -0.080437 -3.54221 0.0227938 0.999715 0.00711704 -0.501363 0.0802565 -0.00892569 0.996734 54.8106
0.996301 -0.0260408 -0.0818879 -3.61657 0.0270543 0.99957 0.011292 -0.509849 0.0815586 -0.0134656 0.996578 55.7573
0.996221 -0.0269184 -0.0825799 -3.6937 0.0283465 0.999467 0.0161695 -0.508062 0.0821007 -0.0184492 0.996453 56.7051
0.996215 -0.0250716 -0.0832351 -3.77472 0.0266981 0.999473 0.0184853 -0.509494 0.0827277 -0.0206376 0.996358 57.6569
0.996102 -0.0243625 -0.0847764 -3.85704 0.0256717 0.999567 0.014387 -0.508745 0.0843892 -0.0165073 0.996296 58.6076
0.996039 -0.0227794 -0.0859546 -3.94305 0.0234272 0.999704 0.00653493 -0.509976 0.0857804 -0.00852271 0.996278 59.5357
0.996027 -0.020632 -0.0866289 -4.03166 0.0208389 0.999782 0.00148432 -0.513009 0.0865794 -0.00328368 0.99624 60.45
0.996034 -0.0154539 -0.0876229 -4.1153 0.0157092 0.999874 0.00222409 -0.520447 0.0875775 -0.00359175 0.996151 61.359
0.995942 -0.012587 -0.0891117 -4.19969 0.0130545 0.999904 0.004665 -0.536922 0.0890444 -0.00580938 0.996011 62.2522
0.995873 -0.0103334 -0.0901677 -4.28732 0.0109446 0.99992 0.00628713 -0.545068 0.0900955 -0.00724804 0.995907 63.1575
0.995812 -0.00940818 -0.0909358 -4.37611 0.00999068 0.999932 0.00595256 -0.548717 0.0908737 -0.00683614 0.995839 64.0229
0.995659 -0.0083754 -0.0926955 -4.46025 0.00904367 0.999936 0.0067916 -0.560372 0.0926326 -0.00760043 0.995671 64.8726
0.995544 -0.00719564 -0.094025 -4.54323 0.00793744 0.99994 0.00751787 -0.571972 0.0939653 -0.00823068 0.995541 65.7135
0.995384 -0.0078441 -0.0956487 -4.6195 0.00864213 0.999931 0.00793196 -0.579376 0.0955799 -0.00872196 0.995384 66.5412
0.995283 -0.00811388 -0.0966793 -4.70473 0.00901631 0.99992 0.00890104 -0.584149 0.0965994 -0.00973074 0.995276 67.3475
0.995143 -0.00576083 -0.098269 -4.79133 0.00692927 0.999909 0.0115531 -0.5911 0.0981935 -0.0121779 0.995093 68.1452
0.995015 -0.00456561 -0.0996184 -4.87744 0.00615383 0.999859 0.0156416 -0.597127 0.0995329 -0.0161766 0.994903 68.9328
0.994857 -0.00159879 -0.10128 -4.96227 0.00335403 0.999847 0.0171627 -0.601578 0.101237 -0.0174141 0.99471 69.7056
0.994724 0.000615309 -0.102587 -5.04903 0.000731686 0.999914 0.0130921 -0.612327 0.102587 -0.0130981 0.994638 70.4575
0.99458 5.29181e-05 -0.10397 -5.1298 0.000574818 0.999982 0.00600767 -0.623438 0.103969 -0.00603487 0.994562 71.1842
0.994428 -0.00086102 -0.105416 -5.20647 0.00089703 1 0.000294189 -0.631378 0.105416 -0.000387111 0.994428 71.8949
0.994389 2.8561e-05 -0.10579 -5.28019 -0.000131926 1 -0.000970086 -0.638963 0.10579 0.000978599 0.994388 72.5814
0.994303 0.00229526 -0.106568 -5.36671 -0.00205928 0.999995 0.00232432 -0.644397 0.106573 -0.00209162 0.994303 73.2684
0.994153 0.00233575 -0.107952 -5.44482 -0.00183101 0.999987 0.00477445 -0.662508 0.107962 -0.00454888 0.994145 73.9275
0.994069 -0.00121998 -0.108745 -5.51569 0.00141144 0.999998 0.00168373 -0.676347 0.108742 -0.00182723 0.994068 74.5588
0.993999 -0.00992869 -0.108937 -5.57265 0.00958473 0.999947 -0.00368064 -0.683256 0.108968 0.00261443 0.994042 75.183
0.994073 -0.014234 -0.107778 -5.63094 0.0134228 0.999876 -0.00824829 -0.697837 0.107882 0.00675273 0.994141 75.7705
0.994409 -0.011974 -0.104913 -5.69279 0.0111493 0.999902 -0.00844444 -0.707421 0.105004 0.00722753 0.994446 76.3586
0.994885 -0.00697678 -0.100774 -5.75864 0.00648773 0.999966 -0.00517986 -0.72348 0.100806 0.00449957 0.994896 76.9289
0.995332 -0.0088636 -0.0961046 -5.81171 0.00869562 0.99996 -0.00216663 -0.731779 0.09612 0.00132082 0.995369 77.4927
0.995776 -0.0128304 -0.0909117 -5.84528 0.0130716 0.999912 0.00205837 -0.741025 0.0908773 -0.00323804 0.995857 78.0402
0.996412 -0.0173418 -0.0828347 -5.87925 0.0178693 0.999824 0.00563129 -0.751 0.0827226 -0.00709129 0.996547 78.5749
0.997291 -0.0136715 -0.07228 -5.91354 0.0141225 0.999884 0.00573239 -0.759794 0.0721932 -0.00673763 0.997368 79.0919
0.998326 -0.00842934 -0.0572183 -5.94547 0.00875144 0.999947 0.00538113 -0.76086 0.05717 -0.00587286 0.998347 79.5998
0.999227 -0.00332771 -0.0391824 -5.96401 0.00357895 0.999973 0.00634368 -0.762114 0.0391603 -0.00647901 0.999212 80.0972
0.999835 -0.00536785 -0.0173716 -5.95617 0.00549672 0.999958 0.00737885 -0.766705 0.0173312 -0.00747311 0.999822 80.5806
0.999922 -0.00890731 0.00878843 -5.93038 0.00882615 0.999918 0.00922998 -0.778017 -0.00886993 -0.00915169 0.999919 81.0464
0.99921 -0.0102201 0.0384127 -5.89793 0.00976623 0.99988 0.0119839 -0.788222 -0.0385306 -0.0115993 0.99919 81.5034
0.997399 -0.0109119 0.0712409 -5.8469 0.00991335 0.999848 0.014355 -0.795539 -0.0713867 -0.0136114 0.997356 81.9434
0.99401 -0.0116499 0.108666 -5.77106 0.0100233 0.99983 0.015503 -0.797269 -0.108828 -0.014321 0.993957 82.3883
0.988584 -0.0117502 0.150211 -5.6801 0.00938369 0.999821 0.0164538 -0.79822 -0.150377 -0.0148564 0.988517 82.8158
0.980725 -0.0122907 0.195006 -5.56163 0.00907994 0.999808 0.0173505 -0.801136 -0.195182 -0.0152454 0.980649 83.237
0.969835 -0.0102758 0.243547 -5.42544 0.00649655 0.999846 0.0163157 -0.806376 -0.243677 -0.0142413 0.969752 83.6405
0.954964 -0.00986547 0.296559 -5.26994 0.00580845 0.999877 0.0145583 -0.808587 -0.296666 -0.0121801 0.954904 84.0304
0.935755 -0.00917737 0.35253 -5.09059 0.00478098 0.9999 0.0133396 -0.807743 -0.352617 -0.0107972 0.935705 84.4121
0.912092 -0.00842171 0.409899 -4.89548 0.00363791 0.999916 0.0124492 -0.807657 -0.409969 -0.0098636 0.912046 84.7604
0.883695 -0.00796403 0.467995 -4.68031 0.00278674 0.999927 0.011754 -0.808843 -0.468054 -0.00908281 0.883653 85.0866
0.850865 -0.00970658 0.525295 -4.43914 0.00469568 0.99993 0.0108711 -0.812295 -0.525363 -0.0067832 0.850851 85.394
0.814317 -0.0101664 0.580332 -4.18479 0.00452563 0.999927 0.0111667 -0.82178 -0.580403 -0.00646686 0.814303 85.6858
0.774764 -0.0121796 0.632134 -3.91212 0.00432189 0.999893 0.0139684 -0.83436 -0.632236 -0.0080902 0.774734 85.9602
0.732575 -0.0121673 0.680577 -3.62254 0.00132123 0.999864 0.0164533 -0.831052 -0.680685 -0.0111541 0.732492 86.2166
0.687748 -0.0138068 0.725818 -3.31756 0.0012829 0.999841 0.0178037 -0.831481 -0.725949 -0.0113133 0.687656 86.4496
0.641758 -0.0152542 0.766756 -2.99705 0.00312624 0.999846 0.0172748 -0.833448 -0.766901 -0.00868919 0.641707 86.6559
0.59491 -0.0181781 0.803586 -2.6706 0.00699184 0.999823 0.0174411 -0.838057 -0.803762 -0.00475733 0.594933 86.8433
0.548618 -0.0161425 0.835917 -2.34457 0.00404786 0.999853 0.0166517 -0.838031 -0.836063 -0.00575174 0.548603 87.0124
0.501356 -0.0130072 0.865143 -2.00991 -0.000907634 0.999879 0.0155589 -0.836152 -0.865241 -0.00858577 0.501283 87.1787
0.456137 -0.0114684 0.889836 -1.67175 -0.00236077 0.999898 0.0140971 -0.839518 -0.889907 -0.00853089 0.456063 87.3158
0.414051 -0.0139004 0.910148 -1.31563 0.00430019 0.999902 0.0133149 -0.832313 -0.910243 -0.00159924 0.41407 87.4291
0.374417 -0.021995 0.926999 -0.94674 0.0182658 0.9997 0.0163424 -0.83136 -0.92708 0.0108135 0.374707 87.5215
0.339168 -0.0258492 0.940371 -0.581536 0.0218409 0.999569 0.019599 -0.826697 -0.940472 0.0138912 0.339586 87.6152
0.306272 -0.0216298 0.951698 -0.215191 0.0185685 0.999687 0.0167449 -0.822291 -0.951763 0.0125431 0.306578 87.7139
0.275641 -0.0143307 0.961154 0.15229 0.00758934 0.99989 0.0127318 -0.829124 -0.961231 0.00378511 0.27572 87.8166
0.2478 -0.00991453 0.96876 0.535588 0.00227086 0.999951 0.00965287 -0.8369 -0.968809 -0.000192061 0.24781 87.9033
0.222341 -0.00803738 0.974936 0.929829 0.00347986 0.999966 0.00745012 -0.840632 -0.974963 0.00173618 0.222361 87.9713
0.198788 -0.00682243 0.980019 1.3296 0.0104861 0.999933 0.00483406 -0.841016 -0.979986 0.00931561 0.198846 88.0237
0.178663 -0.000854883 0.98391 1.74058 0.0180675 0.999834 -0.00241206 -0.829353 -0.983744 0.0182078 0.178648 88.0738
0.159003 0.00560662 0.987262 2.15792 0.0203462 0.999753 -0.0089544 -0.818921 -0.987068 0.0215108 0.158849 88.126
0.141723 0.00621 0.989887 2.59688 0.0175963 0.999807 -0.00879151 -0.824967 -0.98975 0.0186643 0.141587 88.1806
0.126549 0.00178613 0.991959 3.0534 0.0159629 0.999865 -0.00383682 -0.835343 -0.991832 0.01632 0.126503 88.2327
0.112175 -0.00192636 0.993687 3.52391 0.0156817 0.999877 0.000168084 -0.849509 -0.993565 0.0155638 0.112192 88.2788
0.098881 -0.00474671 0.995088 4.00588 0.0173342 0.999845 0.00304692 -0.858702 -0.994948 0.0169478 0.0989479 88.3171
0.0874656 -0.00568395 0.996151 4.50361 0.021132 0.999769 0.00384913 -0.861674 -0.995943 0.020714 0.0875655 88.3465
0.0774312 -0.00517846 0.996984 5.02074 0.0242195 0.999701 0.00331155 -0.864191 -0.996703 0.02389 0.0775335 88.3749
0.0695838 -0.00468498 0.997565 5.54722 0.0261866 0.999653 0.00286817 -0.863835 -0.997232 0.0259233 0.0696823 88.404
0.0640034 -0.00454429 0.997939 6.08906 0.0284875 0.99959 0.00272475 -0.867691 -0.997543 0.0282544 0.0641066 88.4342
0.0584269 -0.00356265 0.998285 6.65346 0.0300071 0.999548 0.00181092 -0.870103 -0.997841 0.0298498 0.0585074 88.4621
0.052522 -0.0031268 0.998615 7.23635 0.0302392 0.999542 0.00153927 -0.872939 -0.998162 0.0301165 0.0525924 88.4915
0.0480112 -0.00314358 0.998842 7.84018 0.0327835 0.999461 0.00156973 -0.874821 -0.998309 0.0326702 0.0480884 88.5183
0.0452226 -0.00358528 0.998971 8.46523 0.0342298 0.999412 0.00203731 -0.880357 -0.99839 0.0341024 0.0453187 88.5398
0.0421475 -0.00436425 0.999102 9.10343 0.0350884 0.99938 0.00288525 -0.886307 -0.998495 0.0349352 0.0422745 88.5665
0.0399689 -0.00523057 0.999187 9.76123 0.0376191 0.999285 0.00372627 -0.89048 -0.998493 0.0374396 0.0401371 88.5881
0.0391779 -0.00572338 0.999216 10.4354 0.0419861 0.99911 0.00407656 -0.892703 -0.99835 0.0417935 0.0393833 88.6113
0.0401202 -0.00632228 0.999175 11.1244 0.0462565 0.99892 0.00446332 -0.895221 -0.998124 0.0460393 0.0403693 88.638
0.0424972 -0.0066131 0.999075 11.8372 0.0482337 0.998826 0.00455976 -0.897258 -0.997932 0.0479952 0.0427663 88.6672
0.0466683 -0.00667348 0.998888 12.5618 0.0516987 0.998654 0.00425654 -0.89689 -0.997572 0.0514425 0.0469505 88.6959
0.0508085 -0.00700896 0.998684 13.2985 0.0520989 0.998632 0.00435804 -0.894467 -0.997349 0.0518089 0.0511042 88.7388
0.0547394 -0.00854813 0.998464 14.06 0.0535938 0.998547 0.00561064 -0.892393 -0.997061 0.0532043 0.055118 88.7817
0.058861 -0.0101301 0.998215 14.8318 0.0537964 0.998528 0.00696114 -0.891588 -0.996816 0.0532907 0.0593193 88.8262
0.0630514 -0.012023 0.997938 15.6162 0.0511183 0.998654 0.00880189 -0.888288 -0.9967 0.0504579 0.0635811 88.8853
0.0670997 -0.0135583 0.997654 16.4094 0.0507389 0.99866 0.0101594 -0.89621 -0.996455 0.0499382 0.0676977 88.9459
0.0710903 -0.0126484 0.99739 17.2106 0.0480781 0.998801 0.00923944 -0.899071 -0.996311 0.0472958 0.0716132 89.0144
0.0743142 -0.00844999 0.997199 18.0116 0.0464316 0.998909 0.00500426 -0.901266 -0.996153 0.0459297 0.0746255 89.079
0.0758498 -0.00303636 0.997115 18.8229 0.0414208 0.999142 -0.000108317 -0.899071 -0.996259 0.0413095 0.0759105 89.1587
0.0756292 0.000214866 0.997136 19.6484 0.0389296 0.999237 -0.00316799 -0.902722 -0.996376 0.0390577 0.0755632 89.2349
0.075793 -0.000391675 0.997123 20.4658 0.0367457 0.999322 -0.00240056 -0.915431 -0.996446 0.0368219 0.075756 89.3068
0.076259 -0.00236705 0.997085 21.2854 0.0345035 0.999405 -0.000266338 -0.931385 -0.996491 0.0344233 0.0762952 89.372
0.0761075 -0.00438455 0.99709 22.1126 0.0359809 0.999351 0.00164809 -0.950912 -0.99645 0.0357508 0.0762158 89.4378
0.0766001 -0.00535804 0.997047 22.9385 0.0338439 0.999423 0.00277069 -0.965106 -0.996487 0.0335318 0.0767373 89.5107
0.0767853 -0.00555343 0.997032 23.7541 0.0320485 0.999482 0.0030989 -0.985555 -0.996532 0.0317154 0.0769234 89.5822
0.0769557 -0.00477354 0.997023 24.5624 0.0294158 0.999564 0.00251523 -0.991782 -0.9966 0.0291347 0.0770626 89.6533
0.0755808 -0.00299967 0.997135 25.3731 0.0260358 0.99966 0.00103381 -0.998637 -0.9968 0.025883 0.0756333 89.7265
0.0727743 -0.00356912 0.997342 26.1837 0.0231658 0.99973 0.0018873 -1.00875 -0.997079 0.0229669 0.0728373 89.797
0.0686982 -0.00493471 0.997625 26.9995 0.0212066 0.999769 0.00348499 -1.01812 -0.997412 0.0209168 0.068787 89.8669
0.0641065 -0.00713322 0.997918 27.8152 0.0191707 0.999799 0.00591513 -1.02472 -0.997759 0.0187516 0.0642304 89.9233
0.0580268 -0.00916199 0.998273 28.6278 0.017601 0.999812 0.00815302 -1.0305 -0.99816 0.0170975 0.0581771 89.9749
0.0504077 -0.00859904 0.998692 29.439 0.0169089 0.999827 0.00775536 -1.0348 -0.998586 0.0164958 0.0505444 90.0244
0.0418505 -0.00780758 0.999093 30.2436 0.0170151 0.99983 0.00710059 -1.03884 -0.998979 0.0167025 0.0419763 90.0574
0.0320261 -0.00782006 0.999456 31.0487 0.0169348 0.99983 0.00728033 -1.04801 -0.999344 0.0166925 0.032153 90.0805
0.022134 -0.00886023 0.999716 31.8518 0.0181061 0.9998 0.00846011 -1.05259 -0.999591 0.0179137 0.02229 90.0928
0.0117448 -0.00998873 0.999881 32.6515 0.0176244 0.999797 0.00978087 -1.06021 -0.999776 0.0175075 0.0119185 90.0975
0.000743524 -0.0110515 0.999939 33.4406 0.0192712 0.999753 0.0110351 -1.06469 -0.999814 0.0192618 0.000956316 90.0952
-0.0101047 -0.0110196 0.999888 34.2229 0.0181183 0.999773 0.0112014 -1.0733 -0.999785 0.0182295 -0.00990278 90.0837
-0.0211187 -0.0106567 0.99972 35.0054 0.0184277 0.999769 0.0110465 -1.08098 -0.999607 0.0186558 -0.0209175 90.0648
-0.0317622 -0.00944002 0.999451 35.7807 0.0183799 0.999781 0.0100272 -1.08412 -0.999326 0.0186883 -0.0315818 90.041
-0.042178 -0.00829556 0.999076 36.5496 0.0193651 0.999771 0.00911887 -1.09041 -0.998922 0.0197318 -0.0420077 90.0119
-0.0520375 -0.00774817 0.998615 37.3264 0.0201455 0.999758 0.00880681 -1.09715 -0.998442 0.0205759 -0.0518688 89.9811
-0.0614656 -0.00708681 0.998084 38.0885 0.0207577 0.999749 0.00837697 -1.09866 -0.997893 0.0212328 -0.0613031 89.9319
-0.0711142 -0.00651412 0.997447 38.8286 0.0216471 0.999733 0.00807241 -1.10096 -0.997233 0.0221659 -0.0709542 89.885
-0.0800319 -0.00705896 0.996767 39.5685 0.0225443 0.999706 0.00888988 -1.10722 -0.996537 0.0231829 -0.0798492 89.8322
-0.0872764 -0.00838087 0.996149 40.3009 0.0242714 0.99965 0.0105368 -1.11411 -0.995888 0.0250975 -0.0870425 89.7649
-0.0926798 -0.0100603 0.995645 41.0248 0.0268777 0.999559 0.0126018 -1.11883 -0.995333 0.0279286 -0.0923685 89.6969
-0.0964596 -0.011898 0.995266 41.7373 0.029711 0.999449 0.0148276 -1.12519 -0.994893 0.0310006 -0.096053 89.6229
-0.098935 -0.0130169 0.995009 42.4436 0.0311806 0.999383 0.0161745 -1.1247 -0.994605 0.0326252 -0.0984681 89.5509
-0.10052 -0.0141168 0.994835 43.1287 0.0314809 0.999354 0.0173618 -1.1292 -0.994437 0.0330635 -0.100011 89.4815
-0.101254 -0.013622 0.994767 43.8057 0.0325148 0.999327 0.016994 -1.12875 -0.994329 0.0340654 -0.100743 89.413
-0.100376 -0.0125074 0.994871 44.4657 0.0335545 0.99931 0.0159487 -1.13177 -0.994384 0.0349833 -0.099887 89.3482
-0.0975641 -0.0111285 0.995167 45.1109 0.0341776 0.99931 0.0145255 -1.13798 -0.994642 0.0354295 -0.0971165 89.292
-0.092045 -0.0104178 0.9957 45.7326 0.0351814 0.999287 0.0137075 -1.13187 -0.995133 0.0362918 -0.0916129 89.2359
-0.0839905 -0.0101958 0.996414 46.3377 0.0346203 0.999314 0.0131437 -1.13819 -0.995865 0.0356002 -0.0835799 89.1916
-0.0728136 -0.0103081 0.997292 46.9158 0.0343523 0.999327 0.0128372 -1.14443 -0.996754 0.035194 -0.0724105 89.1587
-0.059278 -0.0100109 0.998191 47.4787 0.0344488 0.999334 0.0120681 -1.1465 -0.997647 0.0351019 -0.0588936 89.1395
-0.0418475 -0.00880281 0.999085 48.0096 0.0345806 0.999349 0.0102536 -1.15244 -0.998525 0.0349781 -0.0415159 89.1276
-0.0207812 -0.00658204 0.999762 48.5329 0.03392 0.999398 0.00728471 -1.16159 -0.999208 0.0340634 -0.0205454 89.1364
0.00390948 -0.00374916 0.999985 49.0594 0.0323985 0.999468 0.00362056 -1.17141 -0.999467 0.0323839 0.00402887 89.156
0.0322388 -0.00250629 0.999477 49.5748 0.0313986 0.999506 0.00149358 -1.1828 -0.998987 0.031334 0.0323015 89.1932
0.0655234 -0.00317641 0.997846 50.0926 0.0305122 0.999534 0.0011782 -1.19176 -0.997384 0.0303692 0.0655898 89.246
0.104085 -0.00543712 0.994554 50.6038 0.0303883 0.999536 0.00228408 -1.19351 -0.994104 0.0299851 0.104202 89.3135
0.146619 -0.00891553 0.989153 51.117 0.0301135 0.999536 0.00454549 -1.19637 -0.988735 0.0291204 0.14682 89.4079
0.19152 -0.0140365 0.981388 51.6124 0.0287397 0.999549 0.00868762 -1.2113 -0.981068 0.026541 0.191837 89.5373
0.240207 -0.0178186 0.970558 52.0916 0.024936 0.999615 0.0121806 -1.22643 -0.970401 0.0212759 0.240559 89.6842
0.291625 -0.019832 0.956327 52.5539 0.0224672 0.999651 0.0138792 -1.23657 -0.956269 0.0174384 0.291968 89.8577
0.346756 -0.0207585 0.937726 53.0044 0.0236576 0.999631 0.0133806 -1.24329 -0.937657 0.0175446 0.347119 90.0518
0.404357 -0.0202411 0.914377 53.436 0.0268271 0.999587 0.0102639 -1.2474 -0.914208 0.0203798 0.404733 90.2731
0.464008 -0.0178901 0.88565 53.8461 0.0298188 0.999545 0.0045682 -1.25952 -0.885329 0.0242893 0.46433 90.5182
0.523244 -0.0148965 0.852053 54.2321 0.0330268 0.999451 -0.00280823 -1.26582 -0.851543 0.02961 0.523449 90.7892
0.580731 -0.0107435 0.814025 54.5907 0.0303926 0.999502 -0.00849089 -1.27303 -0.813528 0.0296712 0.580768 91.0969
0.635928 -0.00771655 0.77171 54.9289 0.0281465 0.999517 -0.0131997 -1.27296 -0.771235 0.0301149 0.635838 91.4277
0.687313 -0.00714842 0.726326 55.2305 0.0281283 0.999463 -0.0167809 -1.28311 -0.725816 0.031964 0.687146 91.783
0.735483 -0.00885833 0.677485 55.5209 0.0288656 0.999416 -0.0182691 -1.29047 -0.676928 0.0329926 0.735309 92.1513
0.779962 -0.0129897 0.625692 55.7845 0.0286946 0.999475 -0.0150199 -1.3027 -0.625169 0.0296689 0.779925 92.5414
0.820267 -0.0171059 0.571725 56.0205 0.0285658 0.999531 -0.0110782 -1.30499 -0.571267 0.0254188 0.820371 92.9568
0.85589 -0.0195295 0.516789 56.2346 0.0271485 0.999606 -0.00718736 -1.31248 -0.516445 0.0201816 0.856083 93.3907
0.88606 -0.0223338 0.463033 56.4134 0.0266994 0.999639 -0.00287572 -1.31382 -0.462802 0.0149108 0.886336 93.827
0.91108 -0.0226117 0.411609 56.5744 0.0243572 0.999703 0.00100495 -1.33155 -0.41151 0.00911004 0.91136 94.2718
0.930677 -0.0207437 0.365254 56.7113 0.0212601 0.999771 0.0026081 -1.3421 -0.365224 0.00533804 0.930904 94.7233
0.945662 -0.0152656 0.324793 56.83 0.0148324 0.999883 0.00380989 -1.35156 -0.324813 0.0012146 0.945777 95.1885
0.957112 -0.0112899 0.289498 56.9386 0.011278 0.999935 0.00170954 -1.3572 -0.289499 0.00162873 0.957177 95.6595
0.965929 -0.00977499 0.258623 57.0366 0.00995582 0.99995 0.000610493 -1.36085 -0.258616 0.00198511 0.965978 96.1331
0.971479 -0.01547 0.236618 57.1398 0.0159047 0.999874 7.20167e-05 -1.36874 -0.23659 0.00369337 0.971603 96.6092
0.975141 -0.0183015 0.220828 57.2448 0.0187709 0.999824 -2.68586e-05 -1.37587 -0.220788 0.00417132 0.975313 97.0934
0.977978 -0.0141381 0.208229 57.3311 0.0146128 0.999893 -0.000741377 -1.38319 -0.208196 0.00376785 0.97808 97.5885
0.98005 -0.00971247 0.198514 57.411 0.0100396 0.999949 -0.000641537 -1.38287 -0.198498 0.00262174 0.980098 98.0923
0.981328 -0.00204861 0.192333 57.4972 0.00250061 0.999995 -0.00210737 -1.38582 -0.192328 0.00254898 0.981327 98.6076
0.981854 0.0033594 0.189606 57.585 -0.00228986 0.99998 -0.00585961 -1.3921 -0.189622 0.00531912 0.981843 99.1294
0.98203 0.00429774 0.188675 57.6868 -0.00281672 0.999963 -0.00811702 -1.40683 -0.188703 0.00743971 0.982006 99.6536
0.981583 0.00258638 0.19102 57.7986 -0.000380739 0.999933 -0.0115824 -1.41885 -0.191038 0.0112964 0.981518 100.199
0.980821 0.000473495 0.194909 57.9165 0.00309959 0.999833 -0.0180267 -1.42434 -0.194885 0.0182851 0.980656 100.74
0.979913 0.000356038 0.199425 58.0275 0.00424105 0.999735 -0.022624 -1.43499 -0.199381 0.0230153 0.979652 101.307
0.979042 0.00484069 0.203602 58.1452 -0.00035318 0.999756 -0.0220711 -1.44891 -0.203659 0.0215367 0.978805 101.886
0.977881 0.00765607 0.209024 58.2644 -0.00406148 0.999836 -0.0176208 -1.46754 -0.209125 0.0163821 0.977752 102.482
0.976993 0.00405873 0.213235 58.4077 -0.0013908 0.999919 -0.0126602 -1.48448 -0.213269 0.0120724 0.976919 103.09
0.976192 -0.000186932 0.216909 58.5496 0.00170367 0.999975 -0.00680554 -1.499 -0.216902 0.00701305 0.976168 103.712
0.97546 -0.00297652 0.220156 58.696 0.00346244 0.999992 -0.00182131 -1.51294 -0.220149 0.0025389 0.975463 104.332
0.974818 -0.00710669 0.222888 58.8481 0.00738873 0.999973 -0.000431469 -1.52849 -0.222879 0.00206746 0.974844 104.969
0.974683 -0.0112745 0.223305 59.0003 0.0123516 0.999918 -0.00342707 -1.53741 -0.223248 0.00609848 0.974743 105.614
0.974697 -0.0119846 0.223208 59.1509 0.0147112 0.999836 -0.0105564 -1.54371 -0.223045 0.013573 0.974714 106.272
0.974894 -0.00986153 0.22245 59.2947 0.0140134 0.999756 -0.0170934 -1.56014 -0.222227 0.0197816 0.974794 106.935
0.975554 -0.0076609 0.219627 59.4425 0.0125499 0.999703 -0.0208741 -1.57256 -0.219402 0.0231202 0.975361 107.61
0.976135 -0.0101366 0.216929 59.5938 0.0141149 0.999759 -0.0167974 -1.58805 -0.216706 0.0194585 0.976043 108.312
0.976462 -0.0144172 0.215205 59.7536 0.0167664 0.999818 -0.00909448 -1.6068 -0.215035 0.0124886 0.976526 109.027
0.977096 -0.0147407 0.212288 59.9085 0.0158152 0.999869 -0.00336445 -1.62219 -0.212211 0.00664477 0.977201 109.747
0.977516 -0.0112694 0.210561 60.0564 0.0123837 0.999915 -0.00397395 -1.63607 -0.210498 0.00649211 0.977573 110.478
0.977949 -0.00616343 0.208755 60.1921 0.00817695 0.999928 -0.00878377 -1.64536 -0.208686 0.0102971 0.977929 111.218
0.978729 -0.00580974 0.205074 60.3462 0.0089378 0.999857 -0.0143304 -1.65461 -0.204961 0.0158585 0.978642 111.972
0.979495 -0.00749446 0.201327 60.4977 0.0111322 0.999794 -0.0169426 -1.67022 -0.201159 0.0188364 0.979378 112.734
0.980285 -0.00998513 0.197338 60.6513 0.0133321 0.999789 -0.0156393 -1.68529 -0.19714 0.0179619 0.980211 113.505
0.980946 -0.0142518 0.193756 60.8072 0.0172139 0.999759 -0.0136129 -1.70309 -0.193515 0.0166888 0.980955 114.288
0.981306 -0.0153598 0.191839 60.9618 0.0178559 0.999777 -0.0112891 -1.71607 -0.191623 0.0145035 0.981361 115.091
0.981557 -0.0193131 0.19019 61.1261 0.0214338 0.999729 -0.00909931 -1.73062 -0.189963 0.013008 0.981705 115.907
0.981551 -0.0250926 0.189546 61.29 0.0269993 0.999607 -0.00748352 -1.75187 -0.189284 0.0124631 0.981843 116.712
0.981704 -0.0242663 0.18886 61.4365 0.0259005 0.999645 -0.00618925 -1.76147 -0.188643 0.0109676 0.981984 117.522
0.981732 -0.0191636 0.189304 61.5814 0.0211007 0.999744 -0.00822222 -1.77603 -0.189098 0.0120665 0.981884 118.343
0.981732 -0.0144433 0.189722 61.7365 0.0169112 0.999792 -0.0113957 -1.79547 -0.189518 0.014396 0.981772 119.182
0.981639 -0.0063587 0.190642 61.8818 0.00906834 0.99987 -0.0133441 -1.80343 -0.190533 0.0148279 0.981569 120.02
0.981086 -0.00109641 0.193567 62.033 0.00362526 0.999913 -0.0127108 -1.82011 -0.193536 0.0131721 0.981005 120.856
0.980556 0.00102838 0.196236 62.1842 0.00108438 0.999943 -0.0106587 -1.83812 -0.196236 0.0106642 0.980499 121.693
0.980056 0.0017248 0.198712 62.3508 0.000561574 0.999934 -0.011449 -1.85697 -0.198718 0.0113323 0.979991 122.536
0.979722 -0.000456436 0.200362 62.526 0.00325258 0.999902 -0.0136265 -1.884 -0.200336 0.0140018 0.979627 123.381
0.979439 -0.00717703 0.201615 62.709 0.00986036 0.999876 -0.012308 -1.89995 -0.201501 0.014043 0.979388 124.236
0.979346 -0.0144155 0.201676 62.8865 0.0175748 0.999749 -0.0138832 -1.92055 -0.201425 0.0171409 0.979354 125.06
0.979054 -0.0149264 0.203053 63.057 0.0180879 0.999742 -0.0137228 -1.94387 -0.202795 0.0171082 0.979072 125.908
0.978735 -0.0118833 0.204787 63.228 0.0144382 0.999835 -0.0109865 -1.96228 -0.204622 0.0137096 0.978745 126.761
0.978515 -0.009826 0.205942 63.3961 0.0111368 0.999924 -0.00520648 -1.97789 -0.205875 0.00738814 0.97855 127.614
0.9784 -0.00668072 0.206611 63.5607 0.00707501 0.999974 -0.00116957 -1.99466 -0.206597 0.00260608 0.978423 128.446
0.978169 -0.00787314 0.207663 63.7379 0.00957244 0.999928 -0.00717938 -2.01876 -0.207591 0.00901049 0.978174 129.274
0.978071 -0.0130338 0.207864 63.9229 0.0178725 0.999611 -0.0214171 -2.04336 -0.207504 0.0246625 0.977923 130.097
0.978053 -0.015904 0.207749 64.1048 0.0227247 0.999277 -0.0304865 -2.06659 -0.207114 0.0345384 0.977707 130.921
0.978245 -0.0193896 0.206543 64.2759 0.0243533 0.999472 -0.0215167 -2.08805 -0.206017 0.0260787 0.978201 131.743
0.978541 -0.0264177 0.204352 64.4557 0.0271982 0.99963 -0.00101134 -2.1067 -0.20425 0.00654765 0.978897 132.579
0.978825 -0.0303827 0.202433 64.6299 0.0280051 0.999501 0.0145998 -2.13357 -0.202776 -0.00862144 0.979187 133.415
0.979005 -0.0266058 0.202091 64.7923 0.0253083 0.999639 0.00900162 -2.14474 -0.202257 -0.00369805 0.979325 134.248
0.979456 -0.019378 0.200723 64.946 0.0212524 0.999748 -0.00718726 -2.14742 -0.200533 0.0113054 0.979622 135.05
0.979595 -0.0202478 0.19996 65.1057 0.0237724 0.999601 -0.015241 -2.1548 -0.199572 0.0196835 0.979685 135.865
0.97997 -0.0247615 0.1976 65.2748 0.0284573 0.999469 -0.0158854 -2.17897 -0.197102 0.0211904 0.980154 136.673
0.980578 -0.0253981 0.19448 65.4353 0.0287297 0.999485 -0.0143291 -2.20594 -0.194016 0.0196381 0.980802 137.493
0.981265 -0.0260335 0.190896 65.5895 0.029571 0.999439 -0.0157052 -2.22611 -0.19038 0.021056 0.981485 138.306
0.982251 -0.025449 0.185835 65.7446 0.0291999 0.999421 -0.0174745 -2.25248 -0.185283 0.0225907 0.982426 139.121
0.982903 -0.0204376 0.182988 65.8822 0.0240564 0.999556 -0.0175785 -2.28173 -0.182548 0.02168 0.982958 139.933
0.983351 -0.0150289 0.181092 66.0139 0.0186071 0.999663 -0.0180761 -2.30481 -0.180759 0.0211448 0.9833 140.745
0.98379 -0.0139605 0.178781 66.1584 0.0171429 0.999721 -0.0162679 -2.32815 -0.178504 0.019069 0.983754 141.549
0.984008 -0.0158537 0.177417 66.3001 0.0181654 0.99977 -0.0114129 -2.35327 -0.177195 0.0144532 0.98407 142.356
0.9843 -0.0179089 0.175591 66.4401 0.020245 0.999729 -0.0115216 -2.37632 -0.175337 0.0148955 0.984396 143.154
0.984669 -0.0195753 0.173334 66.577 0.0224189 0.999644 -0.0144628 -2.40167 -0.172989 0.0181271 0.984757 143.953
0.985349 -0.025102 0.168694 66.718 0.0286555 0.999415 -0.0186628 -2.42474 -0.168127 0.0232234 0.985492 144.745
0.986345 -0.02871 0.162173 66.8478 0.0323694 0.999276 -0.0199676 -2.44816 -0.161483 0.0249444 0.98656 145.531
0.98739 -0.0306973 0.1553 66.9728 0.0333719 0.999336 -0.0146438 -2.47337 -0.154747 0.0196418 0.987759 146.338
0.988286 -0.0335647 0.148874 67.0822 0.0348835 0.999372 -0.00625549 -2.49874 -0.148571 0.0113755 0.988836 147.13
0.988814 -0.0367482 0.144558 67.2095 0.0366665 0.999322 0.00322985 -2.5181 -0.144579 0.00210672 0.989491 147.954
0.989668 -0.0298675 0.140234 67.3071 0.0293574 0.999553 0.00570501 -2.52756 -0.140342 -0.00152915 0.990102 148.744
0.990332 -0.0273259 0.136001 67.4003 0.0274726 0.999622 0.000798469 -2.53623 -0.135972 0.00294556 0.990708 149.533
0.991281 -0.0273016 0.128909 67.4971 0.0288183 0.999535 -0.00991448 -2.54761 -0.128578 0.013543 0.991607 150.311
0.991922 -0.0309707 0.123011 67.5883 0.0331436 0.999328 -0.0156563 -2.55699 -0.122444 0.0196069 0.992282 151.11
0.992688 -0.0319863 0.116392 67.6748 0.0339547 0.999311 -0.0149676 -2.57201 -0.115833 0.0188102 0.993091 151.92
0.993769 -0.0259888 0.108384 67.7474 0.0274492 0.999551 -0.0120039 -2.59407 -0.108024 0.0149042 0.994037 152.738
0.994682 -0.0211657 0.100791 67.8083 0.0226907 0.999644 -0.0140075 -2.6176 -0.100458 0.01622 0.994809 153.559
0.995685 -0.0181518 0.0910089 67.8698 0.0200923 0.999589 -0.0204516 -2.63333 -0.0906002 0.022192 0.99564 154.36
0.996386 -0.0200489 0.0825355 67.9331 0.0220433 0.999485 -0.023324 -2.65606 -0.0820254 0.0250591 0.996315 155.186
0.99703 -0.020439 0.0742529 67.9899 0.0220611 0.999534 -0.0210914 -2.67689 -0.0737872 0.0226669 0.997016 156.019
0.99766 -0.0183344 0.0658604 68.0394 0.0193261 0.999709 -0.0144513 -2.70158 -0.0655763 0.0156903 0.997724 156.853
0.998248 -0.0147415 0.0573052 68.0759 0.0152926 0.999841 -0.00919098 -2.72212 -0.0571606 0.0100512 0.998314 157.681
0.998649 -0.0157222 0.0495341 68.1117 0.0160669 0.999849 -0.0065694 -2.73579 -0.0494234 0.00735638 0.998751 158.511
0.998954 -0.0152217 0.0431186 68.1388 0.0154434 0.999869 -0.00481284 -2.75278 -0.0430397 0.0054737 0.999058 159.333
0.999104 -0.0164312 0.0389969 68.1666 0.0167138 0.999836 -0.00693232 -2.76929 -0.0388766 0.0075779 0.999215 160.159
0.999325 -0.0118186 0.0347729 68.1824 0.0122667 0.999844 -0.0127008 -2.78829 -0.0346173 0.0131188 0.999315 160.978
0.9995 -0.00564721 0.0311171 68.192 0.00625703 0.99979 -0.019535 -2.81284 -0.0310002 0.01972 0.999325 161.796
0.999596 -0.00436706 0.0280702 68.2051 0.0049955 0.999738 -0.0223571 -2.83143 -0.0279652 0.0224883 0.999356 162.616
0.999698 -0.00285983 0.0244256 68.2209 0.00326297 0.999859 -0.0164808 -2.85186 -0.024375 0.0165555 0.999566 163.448
0.999761 -0.000754817 0.0218449 68.231 0.000882655 0.999983 -0.00584306 -2.87606 -0.0218401 0.00586095 0.999744 164.278
0.999832 0.000478196 0.0183384 68.2347 -0.000497392 0.999999 0.00104224 -2.89057 -0.0183379 -0.00105118 0.999831 165.118
0.999904 -0.00331162 0.0134229 68.2441 0.00334435 0.999991 -0.00241651 -2.91011 -0.0134148 0.00246117 0.999907 165.929
0.999837 -0.015979 0.00836544 68.2567 0.0160797 0.999797 -0.0121078 -2.9318 -0.00817028 0.0122403 0.999892 166.743
0.999832 -0.0182764 0.00139966 68.2609 0.0182974 0.99969 -0.0168714 -2.9451 -0.00109088 0.0168942 0.999857 167.556
0.999872 -0.0149722 -0.00556124 68.2432 0.0148823 0.999764 -0.0158561 -2.96575 0.00579733 0.0157714 0.999859 168.391
0.999769 -0.0168529 -0.0133547 68.2263 0.0167156 0.999807 -0.0103245 -2.99032 0.0135261 0.0100988 0.999858 169.233
0.999521 -0.0225509 -0.021182 68.211 0.0224013 0.999723 -0.00727666 -3.00692 0.0213403 0.00679867 0.999749 170.065
0.999125 -0.0317837 -0.0271879 68.1945 0.031707 0.999492 -0.00325062 -3.02051 0.0272774 0.00238573 0.999625 170.899
0.998811 -0.0356292 -0.0332862 68.1605 0.0355236 0.999362 -0.00375933 -3.03493 0.0333989 0.00257241 0.999439 171.745
0.998417 -0.0399976 -0.0395392 68.1326 0.0395893 0.999155 -0.011054 -3.05055 0.0399479 0.00947115 0.999157 172.57
0.997697 -0.0492518 -0.0466275 68.1018 0.0483065 0.998608 -0.0211889 -3.07344 0.0476062 0.0188877 0.998688 173.389
0.99685 -0.0593192 -0.052642 68.0699 0.0580352 0.997986 -0.0255952 -3.09133 0.0540543 0.0224595 0.998285 174.223
0.99662 -0.0562022 -0.059916 68.0197 0.0551577 0.998298 -0.0189477 -3.1063 0.0608789 0.0155788 0.998024 175.051
0.996813 -0.045369 -0.0656187 67.9408 0.0450649 0.998965 -0.00610778 -3.13048 0.0658279 0.00313121 0.997826 175.896
0.996651 -0.0406952 -0.0709243 67.8707 0.040902 0.999162 0.00146531 -3.1555 0.0708053 -0.00436136 0.997481 176.742
0.99638 -0.0414245 -0.0742331 67.7982 0.0414165 0.999141 -0.00164749 -3.17179 0.0742375 -0.00143295 0.99724 177.577
0.996333 -0.0401727 -0.0755386 67.7266 0.0393291 0.999147 -0.0126227 -3.18459 0.0759813 0.00960559 0.997063 178.418
0.996515 -0.0301035 -0.0777966 67.6372 0.0284735 0.999353 -0.0219762 -3.20447 0.0784078 0.0196845 0.996727 179.25
0.996265 -0.0325003 -0.0800012 67.5653 0.0305081 0.999196 -0.0259999 -3.22439 0.0807819 0.0234621 0.996456 180.09
0.99582 -0.0380892 -0.0830193 67.5066 0.0364407 0.999109 -0.0212824 -3.24683 0.0837559 0.0181682 0.996321 180.947
0.995799 -0.0380829 -0.0832735 67.4299 0.0371723 0.999231 -0.0124578 -3.26878 0.0836839 0.00931001 0.996449 181.813
0.995817 -0.0364592 -0.083786 67.3566 0.0360148 0.999328 -0.00680913 -3.29339 0.0839779 0.00376311 0.996461 182.667
0.995656 -0.0368644 -0.0854976 67.2796 0.0363472 0.99931 -0.00759864 -3.31596 0.0857188 0.00445803 0.996309 183.521
0.99539 -0.0404169 -0.0869772 67.2055 0.0391052 0.999095 -0.0167324 -3.33742 0.0875747 0.013254 0.99607 184.357
0.994712 -0.0519648 -0.08859 67.1426 0.0496078 0.998359 -0.028604 -3.35986 0.0899311 0.024058 0.995657 185.209
0.993949 -0.0626571 -0.0902163 67.0749 0.0599257 0.997668 -0.0326765 -3.38698 0.0920533 0.0270725 0.995386 186.064
0.994062 -0.0595491 -0.0910715 66.985 0.0572273 0.997971 -0.0278992 -3.42229 0.0925481 0.0225218 0.995453 186.918
0.994209 -0.0538093 -0.0930191 66.8972 0.0524234 0.998475 -0.017281 -3.45445 0.0938072 0.0123046 0.995514 187.772
0.994015 -0.0533092 -0.0953509 66.8171 0.0522372 0.998541 -0.0137048 -3.48837 0.0959424 0.00864187 0.995349 188.614
0.993846 -0.055209 -0.096027 66.7349 0.0537632 0.998399 -0.0175809 -3.51773 0.0968439 0.01231 0.995223 189.458
0.993859 -0.0557721 -0.0955715 66.6523 0.0537356 0.998273 -0.0237528 -3.54541 0.0967311 0.0184714 0.995139 190.302
0.994151 -0.049384 -0.0960513 66.5599 0.0472727 0.99859 -0.0241356 -3.5735 0.0971078 0.0194538 0.995084 191.135
0.994252 -0.0465994 -0.0963871 66.4675 0.0447447 0.998771 -0.0213162 -3.60229 0.0972619 0.0168809 0.995116 191.972
0.994328 -0.0429292 -0.0973094 66.3771 0.0413371 0.998977 -0.0183194 -3.63201 0.0979963 0.014193 0.995086 192.809
0.994473 -0.0392189 -0.0973913 66.2862 0.0378685 0.99916 -0.0156772 -3.6587 0.0979243 0.0119025 0.995123 193.646
0.994484 -0.0369806 -0.0981483 66.1962 0.0355834 0.999239 -0.0159494 -3.68702 0.0986634 0.012369 0.995044 194.464
0.994329 -0.0400094 -0.0985345 66.1152 0.0382565 0.999075 -0.0196154 -3.71834 0.0992282 0.0157346 0.99494 195.289
0.994393 -0.0375169 -0.0988656 66.0218 0.0351824 0.999062 -0.0252518 -3.74225 0.0997202 0.0216319 0.99478 196.098
0.994278 -0.0367679 -0.100296 65.9344 0.0344195 0.999094 -0.0250454 -3.76578 0.101126 0.0214499 0.994642 196.907
0.994024 -0.0361854 -0.10299 65.8473 0.0347562 0.999273 -0.0156385 -3.79147 0.103481 0.0119655 0.994559 197.704
0.993743 -0.038231 -0.104948 65.7656 0.0377715 0.999266 -0.00636318 -3.82366 0.105114 0.00235933 0.994457 198.506
0.993411 -0.0447731 -0.105502 65.6839 0.0445265 0.998997 -0.00469308 -3.8474 0.105606 -3.54801e-05 0.994408 199.275
0.993225 -0.0471319 -0.106219 65.609 0.0461829 0.998868 -0.0113779 -3.86711 0.106635 0.00639529 0.994278 200.032
0.99335 -0.0461857 -0.105466 65.5255 0.0447073 0.998866 -0.0163408 -3.88294 0.106101 0.011517 0.994289 200.773
0.993418 -0.047386 -0.104282 65.4479 0.0452963 0.998724 -0.0223173 -3.90547 0.105207 0.0174468 0.994297 201.492
0.993237 -0.0512738 -0.104171 65.3804 0.0488535 0.998476 -0.0256556 -3.93381 0.105328 0.020393 0.994228 202.197
0.993327 -0.0552668 -0.101232 65.3196 0.0524728 0.99817 -0.0300596 -3.96368 0.102708 0.024547 0.994409 202.868
0.993666 -0.0574829 -0.09656 65.2513 0.0546968 0.998014 -0.0312593 -3.98342 0.0981651 0.0257797 0.994836 203.548
0.994229 -0.0552113 -0.0919815 65.1914 0.0530519 0.998259 -0.0257602 -4.01863 0.0932437 0.0207318 0.995427 204.213
0.994974 -0.0507505 -0.0863206 65.1305 0.0495575 0.998645 -0.0159082 -4.04751 0.0870109 0.0115504 0.99614 204.888
0.995723 -0.0449661 -0.0807099 65.0641 0.0441957 0.998959 -0.0113071 -4.07056 0.0811344 0.00769172 0.996673 205.555
0.996197 -0.0442057 -0.0750821 65.0205 0.043377 0.998979 -0.0126336 -4.0921 0.0755639 0.00932867 0.997097 206.206
0.996596 -0.046981 -0.0677376 64.9772 0.0456886 0.998745 -0.0205038 -4.10871 0.0686159 0.0173392 0.997492 206.853
0.997116 -0.0468027 -0.0597351 64.9351 0.0451112 0.99855 -0.0293588 -4.12667 0.0610225 0.0265794 0.997782 207.51
0.997658 -0.0443491 -0.0520755 64.8912 0.0426178 0.998516 -0.0338989 -4.14897 0.0535016 0.0316002 0.998068 208.159
0.997989 -0.0446824 -0.0449516 64.8634 0.0432553 0.998544 -0.0322349 -4.17049 0.0463265 0.0302257 0.998469 208.804
0.998032 -0.0488157 -0.0393707 64.8401 0.0477998 0.998509 -0.0263445 -4.20405 0.0405981 0.0244107 0.998877 209.461
0.997831 -0.0566176 -0.0335912 64.827 0.0559785 0.998238 -0.0196701 -4.23522 0.0346457 0.0177471 0.999242 210.112
0.997645 -0.0625073 -0.0282512 64.8175 0.0620106 0.997911 -0.0181277 -4.25292 0.0293253 0.0163331 0.999436 210.753
0.997789 -0.0616772 -0.0247446 64.8036 0.0612637 0.997975 -0.017133 -4.26982 0.0257512 0.0155792 0.999547 211.403
0.997996 -0.0584848 -0.0241378 64.7842 0.0581158 0.998186 -0.015718 -4.28587 0.0250133 0.0142837 0.999585 212.044
0.997998 -0.0584044 -0.0242836 64.7674 0.0580728 0.998212 -0.0141434 -4.29729 0.0250662 0.0127048 0.999605 212.703
0.997917 -0.0591391 -0.0257653 64.76 0.0588618 0.998201 -0.0113897 -4.31488 0.0263925 0.00984942 0.999603 213.351
0.997965 -0.0581811 -0.0260966 64.7467 0.0579552 0.998276 -0.00933322 -4.33397 0.0265946 0.00780179 0.999616 213.998
0.998424 -0.0499006 -0.0256644 64.709 0.0495426 0.998668 -0.0144017 -4.34907 0.0263488 0.0131076 0.999567 214.64
0.998617 -0.0457145 -0.0259476 64.6787 0.0451236 0.998718 -0.0229191 -4.37036 0.0269621 0.0217166 0.999401 215.281
0.998436 -0.0484567 -0.0278825 64.6638 0.0475863 0.998384 -0.031078 -4.40067 0.0293434 0.0297025 0.999128 215.927
0.998018 -0.0546533 -0.0312077 64.6472 0.0535237 0.997919 -0.0359534 -4.41523 0.0331077 0.0342118 0.998866 216.581
0.997955 -0.0530777 -0.0356157 64.6166 0.0520073 0.998186 -0.0303384 -4.43673 0.0371614 0.0284241 0.998905 217.249
0.998129 -0.0460023 -0.040284 64.572 0.0453078 0.998811 -0.0179871 -4.46561 0.0410636 0.0161282 0.999026 217.931
0.997661 -0.0507162 -0.0458405 64.5458 0.0505912 0.998712 -0.00388364 -4.48769 0.0459784 0.00155543 0.998941 218.615
0.997084 -0.0570551 -0.0506802 64.517 0.0573808 0.99834 0.00499389 -4.50246 0.0503111 -0.00788739 0.998702 219.309
0.996829 -0.0590501 -0.053339 64.4825 0.0592832 0.998237 0.0027977 -4.50926 0.0530798 -0.00595094 0.998573 219.993
0.996918 -0.0554516 -0.0554972 64.4317 0.0553454 0.998461 -0.00344889 -4.52368 0.055603 0.000366741 0.998453 220.669
0.996576 -0.057821 -0.0591074 64.388 0.0571958 0.998288 -0.0122165 -4.53412 0.0597125 0.00879398 0.998177 221.355
0.995947 -0.0660661 -0.061035 64.3574 0.0651214 0.997727 -0.0173418 -4.53771 0.062042 0.0132969 0.997985 222.05
0.995314 -0.0737686 -0.0625194 64.3256 0.0731296 0.997245 -0.0124515 -4.54938 0.0632657 0.00782108 0.997966 222.757
0.99466 -0.0803179 -0.0648173 64.2943 0.0799222 0.996763 -0.0086793 -4.56364 0.0653046 0.0034526 0.997859 223.467
0.994234 -0.0839548 -0.0667141 64.2556 0.0837242 0.996469 -0.00624948 -4.5788 0.0670032 0.000627864 0.997753 224.173
0.993945 -0.0863663 -0.0679279 64.2141 0.0859187 0.996257 -0.0094894 -4.59188 0.0684932 0.00359566 0.997645 224.873
0.993413 -0.0919534 -0.0683726 64.1717 0.091176 0.995731 -0.0144115 -4.60427 0.0694058 0.00808264 0.997556 225.566
0.992477 -0.100884 -0.0693745 64.135 0.100027 0.99486 -0.0157247 -4.61736 0.0706043 0.00866708 0.997467 226.265
0.99219 -0.102656 -0.0708535 64.0916 0.101999 0.994702 -0.0128492 -4.63332 0.0717972 0.00552187 0.997404 226.96
0.991984 -0.103749 -0.0721385 64.0403 0.103411 0.994603 -0.00841131 -4.65191 0.0726219 0.000883936 0.997359 227.654
0.991765 -0.104713 -0.0737397 63.9971 0.104597 0.9945 -0.00544831 -4.6679 0.0739047 -0.00230951 0.997263 228.35
0.99154 -0.106573 -0.0740945 63.9495 0.106281 0.994305 -0.00789214 -4.68746 0.0745136 -4.94266e-05 0.99722 229.035
0.991261 -0.109646 -0.0733427 63.9015 0.108817 0.993945 -0.0152187 -4.705 0.0745673 0.00710483 0.997191 229.725
0.991126 -0.111397 -0.0725305 63.8504 0.109885 0.993642 -0.0245208 -4.72537 0.0748009 0.0163331 0.997065 230.396
0.991287 -0.110431 -0.0718002 63.7948 0.108535 0.993646 -0.0298034 -4.74687 0.0746352 0.0217509 0.996974 231.069
0.99164 -0.107218 -0.0717956 63.7413 0.105373 0.994009 -0.0290229 -4.76319 0.0744772 0.021215 0.996997 231.735
0.991433 -0.10845 -0.07279 63.7014 0.107099 0.994 -0.0222164 -4.79442 0.0747626 0.0142303 0.9971 232.404
0.991085 -0.110638 -0.0742291 63.6611 0.109861 0.993841 -0.0144866 -4.81992 0.0753747 0.00620258 0.997136 233.056
0.991067 -0.110478 -0.0747092 63.6051 0.110032 0.993877 -0.010065 -4.83504 0.0753638 0.00175469 0.997155 233.686
0.991079 -0.10951 -0.0759659 63.5607 0.10934 0.993984 -0.00641758 -4.86382 0.0762117 -0.00194575 0.99709 234.3
0.990638 -0.111206 -0.0791806 63.5157 0.11125 0.993785 -0.00386825 -4.87855 0.0791186 -0.0049768 0.996853 234.896
0.98941 -0.118227 -0.0841979 63.4745 0.118247 0.992973 -0.00477326 -4.89354 0.0841705 -0.0052334 0.996438 235.488
0.988202 -0.122261 -0.0922455 63.429 0.122094 0.99249 -0.00747014 -4.91053 0.0924661 -0.00388066 0.995708 236.032
0.986813 -0.125196 -0.102594 63.3705 0.124561 0.992132 -0.0125971 -4.92483 0.103363 -0.0003482 0.994644 236.578
0.985238 -0.125872 -0.11603 63.2978 0.124666 0.992042 -0.0176179 -4.94267 0.117324 0.00289282 0.993089 237.104
0.982663 -0.126859 -0.135207 63.2277 0.125017 0.991909 -0.0220617 -4.959 0.136911 0.00477609 0.990572 237.625
0.97895 -0.130107 -0.157252 63.145 0.128043 0.991497 -0.0232284 -4.98158 0.158937 0.00260442 0.987285 238.133
0.975016 -0.127273 -0.18206 63.0405 0.125175 0.991868 -0.0230168 -5.00392 0.183509 -0.000347636 0.983018 238.634
0.969428 -0.126885 -0.210023 62.9198 0.124798 0.99191 -0.0232162 -5.0245 0.21127 -0.00370404 0.977421 239.108
0.961907 -0.128392 -0.241351 62.7823 0.12576 0.991711 -0.0263455 -5.05712 0.242733 -0.0050102 0.97008 239.576
0.952625 -0.127356 -0.2762 62.6227 0.122976 0.991854 -0.0331962 -5.08399 0.278178 -0.0023424 0.960527 240.022
0.9412 -0.123073 -0.314636 62.4429 0.116025 0.992395 -0.041108 -5.11874 0.317302 0.00218512 0.948322 240.46
0.926843 -0.119358 -0.355971 62.2464 0.10914 0.992831 -0.0487291 -5.14533 0.359235 0.00631338 0.933226 240.87
0.909515 -0.114539 -0.39958 62.0322 0.101397 0.993382 -0.0539547 -5.17451 0.403115 0.0085565 0.915109 241.264
0.889416 -0.104485 -0.444998 61.8034 0.0872279 0.994431 -0.0591493 -5.21179 0.4487 0.0137921 0.893576 241.639
0.866155 -0.0917955 -0.491272 61.5418 0.0696605 0.995566 -0.0632068 -5.25384 0.494896 0.0205247 0.86871 241.993
0.838953 -0.0796159 -0.538349 61.2681 0.0526499 0.996474 -0.065319 -5.29397 0.541652 0.0264555 0.840187 242.323
0.807065 -0.0702146 -0.586273 60.9835 0.038999 0.997075 -0.0657279 -5.33849 0.589174 0.0301826 0.807442 242.644
0.771552 -0.0636285 -0.632976 60.6749 0.0281685 0.997427 -0.0659287 -5.36472 0.635542 0.0330375 0.771359 242.943
0.733119 -0.0557031 -0.677816 60.3578 0.0200055 0.997975 -0.0603762 -5.40057 0.679806 0.0307028 0.732749 243.225
0.692929 -0.0443296 -0.719641 60.0227 0.0117238 0.998669 -0.0502289 -5.42636 0.72091 0.0263681 0.692527 243.488
0.651226 -0.0326579 -0.758181 59.6753 0.0027604 0.999169 -0.0406672 -5.4509 0.758879 0.0243907 0.650775 243.727
0.607372 -0.0243082 -0.794046 59.3107 -0.00510647 0.999392 -0.0345005 -5.47359 0.794401 0.0250094 0.606878 243.95
0.561868 -0.0207722 -0.826966 58.9389 -0.00925621 0.999464 -0.031394 -5.49204 0.827175 0.0252939 0.561374 244.155
0.513928 -0.01797 -0.857645 58.5642 -0.0130506 0.999501 -0.0287626 -5.51668 0.857734 0.0259747 0.513437 244.331
0.463818 -0.0206279 -0.88569 58.1933 -0.0109489 0.999519 -0.0290127 -5.53556 0.885863 0.023154 0.463369 244.484
0.411635 -0.0269981 -0.910949 57.806 -0.00753117 0.999426 -0.0330235 -5.54507 0.911318 0.0204541 0.411195 244.623
0.357647 -0.0350764 -0.933198 57.4035 -0.00437497 0.99922 -0.0392347 -5.54848 0.933847 0.0181149 0.357214 244.739
0.303415 -0.0402545 -0.952008 56.9912 -0.00564477 0.999014 -0.0440411 -5.56177 0.952842 0.0187366 0.302889 244.831
0.251259 -0.0425707 -0.966983 56.5559 -0.00884447 0.99889 -0.0462734 -5.58101 0.96788 0.0201791 0.250603 244.911
0.20186 -0.0420469 -0.978511 56.1106 -0.0133619 0.998867 -0.045678 -5.60453 0.979323 0.0222953 0.20107 244.963
0.155013 -0.0410462 -0.987059 55.6507 -0.0155722 0.998911 -0.0439846 -5.62774 0.98779 0.0221889 0.154205 245.003
0.111317 -0.0425007 -0.992876 55.1785 -0.0168859 0.99886 -0.04465 -5.64443 0.993641 0.021736 0.110473 245.026
0.0709545 -0.0434297 -0.996534 54.6939 -0.0189957 0.998812 -0.0448815 -5.6734 0.997299 0.0221144 0.0700452 245.034
0.0357854 -0.0447607 -0.998357 54.1984 -0.0209902 0.998742 -0.0455303 -5.70028 0.999139 0.022585 0.0348008 245.027
0.00664516 -0.0476817 -0.99884 53.6897 -0.0243795 0.998558 -0.0478304 -5.72141 0.999681 0.0246691 0.00547312 245.006
-0.0188342 -0.0501779 -0.998563 53.1723 -0.0262746 0.99842 -0.0496752 -5.73973 0.999477 0.0253012 -0.0201228 244.976
-0.0408532 -0.0515994 -0.997832 52.6405 -0.02895 0.998307 -0.0504387 -5.76523 0.998746 0.0268266 -0.0422779 244.918
-0.0590417 -0.0532679 -0.996833 52.106 -0.0320559 0.998161 -0.0514403 -5.79949 0.997741 0.0289173 -0.0606407 244.861
-0.0734684 -0.0539731 -0.995836 51.5647 -0.0361136 0.998024 -0.0514274 -5.83525 0.996643 0.0321849 -0.0752723 244.805
-0.0838101 -0.0556137 -0.994929 51.0053 -0.0373229 0.997916 -0.0526367 -5.87015 0.995783 0.0327221 -0.0857111 244.75
-0.0904673 -0.0569571 -0.994269 50.4219 -0.0374025 0.997853 -0.0537592 -5.91027 0.995197 0.0323247 -0.0924034 244.695
-0.0944071 -0.0569715 -0.993902 49.8302 -0.0376814 0.99785 -0.0536186 -5.94906 0.99482 0.0323897 -0.0963509 244.637
-0.0965459 -0.0565806 -0.993719 49.2161 -0.0368962 0.9979 -0.053234 -5.9804 0.994644 0.0315249 -0.0984308 244.574
-0.0979881 -0.0564873 -0.993583 48.5785 -0.0364782 0.997921 -0.0531363 -6.01186 0.994519 0.0310374 -0.099845 244.509
-0.0980957 -0.0557673 -0.993613 47.921 -0.0357321 0.997982 -0.0524848 -6.05321 0.994535 0.0303553 -0.0998905 244.441
-0.0975066 -0.0553281 -0.993696 47.2418 -0.0345841 0.998039 -0.0521763 -6.09612 0.994634 0.0292786 -0.0992288 244.373
-0.0970369 -0.0567698 -0.99366 46.5444 -0.0325414 0.998019 -0.053841 -6.14171 0.994749 0.0271106 -0.098692 244.297
-0.0961362 -0.0592691 -0.993602 45.8233 -0.0300652 0.997943 -0.0566191 -6.18155 0.994914 0.0244297 -0.0977204 244.219
-0.0949076 -0.0605018 -0.993646 45.0847 -0.0290358 0.997895 -0.0579872 -6.22251 0.995063 0.0233479 -0.0964645 244.145
-0.094153 -0.0615394 -0.993654 44.3212 -0.0289797 0.997834 -0.0590524 -6.26502 0.995136 0.0232358 -0.0957325 244.071
-0.0927415 -0.0618772 -0.993766 43.5364 -0.0290834 0.99781 -0.0594148 -6.30904 0.995265 0.0233919 -0.094338 243.99
-0.0914862 -0.0610344 -0.993934 42.7303 -0.0274493 0.997895 -0.0587511 -6.35325 0.995428 0.0219079 -0.0929689 243.915
-0.0901743 -0.0607939 -0.994069 41.9024 -0.0248391 0.997962 -0.0587788 -6.40523 0.995616 0.0193914 -0.0915006 243.834
-0.0887478 -0.0610324 -0.994183 41.0644 -0.0217878 0.998001 -0.0593219 -6.4513 0.995816 0.0163964 -0.0899002 243.763
-0.0877088 -0.0605275 -0.994306 40.2082 -0.0204214 0.998052 -0.0589542 -6.5046 0.995937 0.0151343 -0.088774 243.682
-0.0867039 -0.0576793 -0.994563 39.3326 -0.0193965 0.998231 -0.0562011 -6.56443 0.996045 0.0144182 -0.0876693 243.605
-0.0865162 -0.0530767 -0.994836 38.4513 -0.0168936 0.998514 -0.0518039 -6.61593 0.996107 0.0123245 -0.0872843 243.531
-0.0863685 -0.048069 -0.995103 37.5625 -0.0149975 0.998785 -0.0469451 -6.67675 0.99615 0.0108694 -0.0869844 243.459
-0.0860695 -0.0469087 -0.995184 36.6716 -0.0141415 0.998848 -0.0458583 -6.73154 0.996189 0.0101264 -0.0866337 243.375
-0.0870722 -0.0497933 -0.994957 35.7836 -0.0148542 0.998704 -0.0486809 -6.78535 0.996091 0.0105405 -0.087699 243.299
-0.0885923 -0.053721 -0.994618 34.9001 -0.0130001 0.998522 -0.0527739 -6.84406 0.995983 0.00825478 -0.0891597 243.218
-0.0909014 -0.0543993 -0.994373 34.0258 -0.010846 0.998502 -0.0536337 -6.89847 0.995801 0.00590954 -0.0913552 243.139
-0.0935347 -0.049061 -0.994406 33.1441 -0.00860399 0.998788 -0.0484679 -6.95582 0.995579 0.00402244 -0.0938435 243.054
-0.0970706 -0.0427985 -0.994357 32.2609 -0.0066493 0.999081 -0.0423527 -7.0123 0.995255 0.00250058 -0.0972659 242.966
-0.0999659 -0.0386596 -0.99424 31.3717 -0.00476935 0.999252 -0.038375 -7.06144 0.994979 0.000905685 -0.100075 242.872
-0.102951 -0.0383778 -0.993946 30.4997 -0.00220453 0.999262 -0.0383547 -7.10954 0.994684 -0.00175747 -0.102959 242.781
-0.105615 -0.0401034 -0.993598 29.6203 -0.00207559 0.999193 -0.0401086 -7.15499 0.994405 -0.00217377 -0.105613 242.685
-0.108063 -0.0435405 -0.99319 28.7692 -0.00424451 0.999052 -0.0433356 -7.19676 0.994135 -0.000467376 -0.108145 242.577
-0.110122 -0.0455808 -0.992872 27.8932 -0.00525698 0.998961 -0.0452772 -7.24464 0.993904 0.000233483 -0.110247 242.472
-0.112124 -0.0457363 -0.992641 27.0283 -0.00492028 0.998954 -0.0454713 -7.29654 0.993682 -0.000214352 -0.112232 242.372
-0.113333 -0.0470049 -0.992445 26.1688 -0.00862944 0.998889 -0.0463247 -7.35578 0.99352 0.00331412 -0.113613 242.265
-0.11376 -0.050317 -0.992233 25.3074 -0.0131435 0.998706 -0.0491383 -7.41222 0.993421 0.00745147 -0.114274 242.152
-0.114086 -0.0534779 -0.99203 24.4513 -0.0145993 0.998533 -0.0521495 -7.46844 0.993364 0.00853341 -0.114699 242.041
-0.112673 -0.0545988 -0.992131 23.5941 -0.0161071 0.998458 -0.0531178 -7.51911 0.993502 0.00999536 -0.113379 241.928
-0.110844 -0.0544919 -0.992343 22.7434 -0.0164669 0.998459 -0.0529884 -7.5738 0.993701 0.0104674 -0.111571 241.826
-0.109181 -0.0545799 -0.992522 21.8918 -0.014638 0.998471 -0.0532968 -7.63178 0.993914 0.00870956 -0.109813 241.728
-0.107359 -0.0532854 -0.992791 21.0403 -0.0129168 0.998553 -0.0521979 -7.68754 0.994136 0.00721981 -0.107892 241.634
-0.10573 -0.0519612 -0.993036 20.1944 -0.0101298 0.998638 -0.0511758 -7.74581 0.994343 0.00464848 -0.106112 241.543
-0.10481 -0.0492824 -0.99327 19.3541 -0.00338834 0.998783 -0.0491984 -7.80656 0.994487 -0.00179093 -0.104849 241.462
-0.10361 -0.0487402 -0.993423 18.5185 0.00245869 0.998783 -0.0492596 -7.85828 0.994615 -0.00754631 -0.103364 241.384
-0.102044 -0.0503561 -0.993505 17.6916 0.00271523 0.9987 -0.0508983 -7.91457 0.994776 -0.00789144 -0.101774 241.297
-0.100262 -0.0508352 -0.993662 16.8683 0.00341303 0.99867 -0.0514359 -7.97057 0.994955 -0.00854845 -0.099955 241.206
-0.100083 -0.0505675 -0.993693 16.0458 0.0075779 0.99864 -0.0515825 -8.01542 0.99495 -0.0126926 -0.0995638 241.133
-0.100381 -0.0465072 -0.993862 15.2252 0.0102054 0.998806 -0.0477694 -8.07173 0.994897 -0.0149379 -0.0997867 241.052
-0.100944 -0.0423009 -0.993992 14.4073 0.00811345 0.999027 -0.0433391 -8.12626 0.994859 -0.0124395 -0.100502 240.964
-0.102475 -0.039937 -0.993934 13.5933 0.00641011 0.999146 -0.0408073 -8.17627 0.994715 -0.0105529 -0.102131 240.872
-0.104667 -0.0418521 -0.993626 12.7851 0.00545838 0.999075 -0.0426565 -8.21857 0.994492 -0.00988834 -0.104342 240.777
-0.107489 -0.0447161 -0.9932 11.9765 0.00493376 0.998952 -0.045509 -8.26824 0.994194 -0.00979192 -0.107155 240.684
-0.111456 -0.0480985 -0.992605 11.1746 0.00415649 0.998797 -0.0488653 -8.3169 0.993761 -0.00957208 -0.111122 240.591
-0.115813 -0.0496036 -0.992032 10.3785 0.00329239 0.998728 -0.0503228 -8.36863 0.993266 -0.00909417 -0.115502 240.489
-0.120642 -0.0504572 -0.991413 9.5837 0.00162121 0.998696 -0.0510252 -8.42308 0.992695 -0.00776309 -0.120403 240.383
-0.124903 -0.0501465 -0.990901 8.79271 -0.000952849 0.998728 -0.0504225 -8.47458 0.992169 -0.00535372 -0.124792 240.271
-0.129134 -0.0488205 -0.990425 8.00726 -0.00346773 0.998803 -0.0487814 -8.52531 0.991621 -0.00286481 -0.129149 240.156
-0.133014 -0.0466994 -0.990013 7.21949 -0.00702698 0.998909 -0.0461748 -8.57225 0.991089 0.000814901 -0.133197 240.037
-0.136844 -0.0460854 -0.98952 6.44164 -0.0121469 0.99892 -0.0448433 -8.62245 0.990518 0.00588307 -0.137256 239.919
-0.139775 -0.0463579 -0.989097 5.66961 -0.0158419 0.99888 -0.0445777 -8.68004 0.990057 0.00943837 -0.140353 239.8
-0.14178 -0.0479474 -0.988736 4.90258 -0.0195638 0.998767 -0.0456285 -8.72686 0.989705 0.0128742 -0.142543 239.683
-0.143024 -0.0493661 -0.988487 4.14629 -0.0246683 0.998623 -0.046303 -8.77031 0.989412 0.0177618 -0.144045 239.561
-0.143818 -0.0490723 -0.988387 3.40489 -0.0277097 0.998578 -0.0455463 -8.81945 0.989216 0.0208375 -0.144973 239.443
-0.144241 -0.0485929 -0.988349 2.68006 -0.030107 0.998547 -0.0447005 -8.86694 0.989084 0.0233085 -0.145494 239.326
-0.144266 -0.0490263 -0.988324 1.95915 -0.0324882 0.998468 -0.0447872 -8.91384 0.989006 0.0256476 -0.145638 239.213
-0.143764 -0.0490564 -0.988395 1.25266 -0.0352853 0.99839 -0.0444201 -8.95968 0.988983 0.0284898 -0.145263 239.101
-0.143349 -0.0488883 -0.988464 0.560204 -0.0374429 0.998332 -0.0439463 -9.00091 0.988964 0.0307113 -0.144941 238.994
-0.142084 -0.048005 -0.98869 -0.11485 -0.03839 0.998339 -0.0429565 -9.04419 0.98911 0.0318524 -0.143691 238.89
-0.139491 -0.0467019 -0.989121 -0.794679 -0.0385645 0.998386 -0.0417007 -9.08737 0.989472 0.0323281 -0.141067 238.793
-0.136485 -0.0463781 -0.989556 -1.45159 -0.0394034 0.998367 -0.0413563 -9.12874 0.989858 0.0333474 -0.138089 238.7
-0.133839 -0.0473732 -0.98987 -2.09641 -0.0403383 0.998289 -0.0423221 -9.17206 0.990182 0.0342653 -0.135521 238.613
-0.130875 -0.0483718 -0.990218 -2.71199 -0.0393171 0.998276 -0.043569 -9.21046 0.990619 0.0332304 -0.132551 238.526
-0.128359 -0.0487112 -0.990531 -3.31257 -0.0363744 0.998352 -0.0443822 -9.25166 0.99106 0.0303331 -0.12992 238.444
-0.125824 -0.0487612 -0.990853 -3.91067 -0.033408 0.998433 -0.0448919 -9.29187 0.99149 0.0274539 -0.127256 238.377
-0.122829 -0.0476696 -0.991282 -4.48164 -0.0328945 0.998492 -0.0439404 -9.32751 0.991883 0.0272105 -0.124212 238.3
-0.119117 -0.0466946 -0.991782 -5.05513 -0.0324214 0.998544 -0.043119 -9.35897 0.992351 0.0270187 -0.120457 238.234
-0.115312 -0.046636 -0.992234 -5.60818 -0.032622 0.998536 -0.0431411 -9.39287 0.992794 0.0273939 -0.116665 238.169
-0.111177 -0.0467687 -0.992699 -6.14366 -0.0312382 0.998563 -0.0435464 -9.4308 0.99331 0.0261687 -0.112479 238.115
-0.10691 -0.0460722 -0.993201 -6.6624 -0.0288179 0.99865 -0.043223 -9.46745 0.993851 0.0240009 -0.108093 238.057
-0.102802 -0.0451729 -0.993676 -7.15659 -0.0275768 0.998714 -0.0425489 -9.50102 0.994319 0.0230283 -0.103916 238.006
-0.0986863 -0.0441174 -0.99414 -7.64047 -0.02449 0.998822 -0.0418941 -9.52993 0.994817 0.0202121 -0.0996504 237.961
-0.0945691 -0.0428526 -0.994596 -8.10515 -0.0238589 0.998884 -0.0407688 -9.55742 0.995232 0.0198745 -0.095486 237.918
-0.0895219 -0.0413705 -0.995125 -8.55312 -0.023578 0.998945 -0.0394082 -9.58163 0.995706 0.0199352 -0.0904029 237.877
-0.08457 -0.0402925 -0.995603 -8.97851 -0.0232469 0.99899 -0.0384549 -9.61 0.996146 0.0198925 -0.0854213 237.839
-0.0794717 -0.0395125 -0.996054 -9.3912 -0.0213128 0.999053 -0.037931 -9.63166 0.996609 0.0182143 -0.0802385 237.812
-0.0740051 -0.0386 -0.996511 -9.79383 -0.0190301 0.999123 -0.037288 -9.65503 0.997076 0.0162042 -0.0746747 237.789
-0.0681086 -0.0387751 -0.996924 -10.1583 -0.016325 0.999154 -0.0377465 -9.68185 0.997544 0.013704 -0.068684 237.768
-0.0625557 -0.0395181 -0.997259 -10.5134 -0.0135151 0.999158 -0.0387455 -9.70424 0.99795 0.0110543 -0.0630371 237.757
-0.0570128 -0.0402131 -0.997563 -10.8644 -0.0114343 0.999149 -0.0396235 -9.72201 0.998308 0.00914737 -0.0574241 237.743
-0.0517201 -0.0410062 -0.997819 -11.1922 -0.00995374 0.999128 -0.040544 -9.74225 0.998612 0.0078351 -0.0520831 237.732
-0.0468589 -0.0410646 -0.998057 -11.494 -0.0088438 0.999133 -0.0406937 -9.76029 0.998862 0.00691975 -0.0471814 237.721
-0.0422549 -0.0408261 -0.998272 -11.7795 -0.00800997 0.999147 -0.0405228 -9.76878 0.999075 0.00628385 -0.0425459 237.713
-0.0382574 -0.0406932 -0.998439 -12.033 -0.00714459 0.999156 -0.0404486 -9.78616 0.999242 0.00558598 -0.0385158 237.707
-0.0345004 -0.0427029 -0.998492 -12.2583 -0.0047529 0.999082 -0.0425639 -9.79794 0.999393 0.00327726 -0.0346717 237.7
-0.0317031 -0.0477044 -0.998358 -12.4547 -0.00226314 0.998861 -0.0476566 -9.80976 0.999495 0.000748564 -0.0317749 237.702
-0.0291362 -0.051041 -0.998271 -12.626 -0.000151638 0.998696 -0.0510583 -9.82493 0.999575 -0.00133627 -0.0291059 237.702
-0.0269667 -0.0511148 -0.998329 -12.7772 -5.04481e-05 0.998692 -0.051132 -9.82457 0.999636 -0.0013285 -0.026934 237.701
-0.0256399 -0.0496155 -0.998439 -12.9001 0.000276466 0.998767 -0.0496389 -9.83218 0.999671 -0.00154877 -0.0255946 237.702
-0.0245093 -0.0509545 -0.9984 -13.0001 0.000882923 0.998699 -0.0509914 -9.82988 0.999699 -0.00213127 -0.0244324 237.7
-0.0239707 -0.0535982 -0.998275 -13.0802 0.00163049 0.998558 -0.0536526 -9.83077 0.999711 -0.00291377 -0.0238487 237.703
-0.0232926 -0.0551912 -0.998204 -13.1456 0.00232066 0.998469 -0.05526 -9.83314 0.999726 -0.00360365 -0.0231289 237.703
-0.0234426 -0.0554935 -0.998184 -13.2052 0.00296904 0.99845 -0.055578 -9.8369 0.999721 -0.00426654 -0.0232415 237.706
-0.0234568 -0.0553295 -0.998193 -13.2481 0.00320611 0.998458 -0.0554195 -9.83958 0.99972 -0.00450028 -0.0232432 237.706
-0.0231974 -0.0551657 -0.998208 -13.283 0.00342258 0.998466 -0.0552596 -9.8439 0.999725 -0.00469833 -0.022973 237.701
-0.0232229 -0.0551639 -0.998207 -13.3008 0.00354084 0.998466 -0.0552606 -9.84312 0.999724 -0.0048178 -0.0229919 237.7
-0.0232475 -0.0551099 -0.99821 -13.306 0.00381194 0.998467 -0.0552129 -9.84284 0.999722 -0.00508868 -0.0230018 237.7
-0.0233031 -0.054865 -0.998222 -13.2979 0.00419363 0.998479 -0.054977 -9.84733 0.99972 -0.0054673 -0.0230376 237.701
-0.023402 -0.0560827 -0.998152 -13.2948 0.00468472 0.998408 -0.0562069 -9.84825 0.999715 -0.00599141 -0.023102 237.702
-0.0233558 -0.0573295 -0.998082 -13.2995 0.00450162 0.998338 -0.0574495 -9.85655 0.999717 -0.00583477 -0.0230589 237.703
-0.0232562 -0.0573294 -0.998084 -13.3015 0.00459153 0.998338 -0.0574509 -9.8555 0.999719 -0.00591882 -0.0229543 237.701
-0.0231771 -0.056994 -0.998105 -13.2994 0.00560541 0.998351 -0.0571381 -9.84875 0.999716 -0.00691908 -0.0228194 237.702
-0.0231455 -0.0568482 -0.998115 -13.2969 0.00615473 0.998355 -0.0570046 -9.85076 0.999713 -0.00746253 -0.0227576 237.703
-0.0232808 -0.0565718 -0.998127 -13.3027 0.00632167 0.998369 -0.0567329 -9.85543 0.999709 -0.00763061 -0.0228852 237.706
-0.0234574 -0.0564056 -0.998132 -13.3022 0.00673317 0.998376 -0.0565776 -9.8569 0.999702 -0.00804776 -0.0230395 237.708
-0.0234507 -0.056408 -0.998132 -13.3091 0.00727415 0.998371 -0.0565924 -9.86467 0.999699 -0.00858769 -0.0230021 237.709
-0.023414 -0.0563358 -0.998137 -13.3138 0.00793749 0.998369 -0.0565351 -9.86402 0.999694 -0.00924642 -0.0229286 237.706
-0.0235444 -0.0562709 -0.998138 -13.3297 0.00844849 0.998368 -0.0564832 -9.86317 0.999687 -0.00976262 -0.0230305 237.706
-0.0236831 -0.0561745 -0.99814 -13.3474 0.00882422 0.998369 -0.0563968 -9.86557 0.999681 -0.0101435 -0.0231488 237.708
-0.0236731 -0.0559154 -0.998155 -13.3743 0.00924221 0.99838 -0.0561472 -9.87393 0.999677 -0.0105543 -0.0231179 237.706
-0.0233551 -0.057301 -0.998084 -13.404 0.00925302 0.998301 -0.05753 -9.86928 0.999684 -0.0105789 -0.0227852 237.703
-0.0231249 -0.0598563 -0.997939 -13.4497 0.00985442 0.998144 -0.0600969 -9.87035 0.999684 -0.0112238 -0.0224922 237.704
-0.0221281 -0.062594 -0.997794 -13.5112 0.0102333 0.997972 -0.0628321 -9.87164 0.999703 -0.0116011 -0.0214426 237.699
-0.0208121 -0.0646522 -0.997691 -13.5891 0.0109297 0.997833 -0.0648894 -9.87477 0.999724 -0.0122549 -0.0200604 237.7
-0.0188112 -0.0661988 -0.997629 -13.6929 0.0117207 0.997723 -0.066426 -9.87547 0.999754 -0.0129425 -0.0179924 237.705
-0.0148749 -0.067311 -0.997621 -13.8162 0.012558 0.99764 -0.0674995 -9.88453 0.99981 -0.0135322 -0.0139945 237.702
-0.00959989 -0.0686555 -0.997594 -13.9516 0.0138313 0.997536 -0.0687845 -9.9011 0.999858 -0.0144584 -0.00862664 237.708
-0.00193254 -0.0700771 -0.99754 -14.1114 0.014321 0.997437 -0.0700977 -9.91228 0.999896 -0.0144212 -0.000924017 237.714
0.00777682 -0.0706608 -0.99747 -14.2902 0.0149806 0.997397 -0.0705387 -9.9207 0.999858 -0.0143941 0.00881511 237.721
0.0199979 -0.070995 -0.997276 -14.4832 0.0147179 0.997388 -0.0707078 -9.93207 0.999692 -0.0132638 0.0209906 237.724
0.0340896 -0.0718701 -0.996831 -14.691 0.0145809 0.997341 -0.0714082 -9.94463 0.999312 -0.0121004 0.0350468 237.744
0.0501903 -0.0706657 -0.996237 -14.916 0.0161334 0.997421 -0.0699369 -9.96153 0.998609 -0.0125625 0.0512009 237.772
0.0693883 -0.065604 -0.99543 -15.1658 0.0190707 0.99774 -0.0644269 -9.98174 0.997407 -0.0145131 0.0704826 237.808
0.0922386 -0.061603 -0.99383 -15.419 0.020138 0.997996 -0.0599922 -9.99204 0.995533 -0.0144802 0.0932942 237.846
0.116432 -0.0609272 -0.991328 -15.6716 0.0207651 0.998048 -0.0589014 -10.0053 0.992982 -0.0137271 0.117469 237.892
0.142812 -0.0615369 -0.987835 -15.9325 0.025221 0.997967 -0.0585219 -10.0274 0.989428 -0.0165565 0.144074 237.958
0.172953 -0.0612686 -0.983023 -16.2 0.0295915 0.997936 -0.0569917 -10.0451 0.984485 -0.0192323 0.174409 238.036
0.206125 -0.0606434 -0.976645 -16.4724 0.0360674 0.99787 -0.0543491 -10.0686 0.977861 -0.0240223 0.207874 238.124
0.241994 -0.0597127 -0.968439 -16.7534 0.0428161 0.997789 -0.0508235 -10.0877 0.969333 -0.0291657 0.244016 238.234
0.282746 -0.0556498 -0.957579 -17.0395 0.0473441 0.997908 -0.0440142 -10.1092 0.958026 -0.0328909 0.28479 238.347
0.325959 -0.050534 -0.944032 -17.3436 0.0485256 0.998148 -0.0366757 -10.1237 0.944138 -0.033855 0.327807 238.481
0.37149 -0.0456761 -0.927313 -17.6465 0.0458675 0.998472 -0.0308062 -10.14 0.927303 -0.0310893 0.373017 238.638
0.419513 -0.0424673 -0.906755 -17.9469 0.0439963 0.998682 -0.0264176 -10.1566 0.906682 -0.0288113 0.420829 238.806
0.467327 -0.0408956 -0.883138 -18.2404 0.0471697 0.99866 -0.0212845 -10.1693 0.882825 -0.0317106 0.46863 239.012
0.516339 -0.0413385 -0.855386 -18.5313 0.0524078 0.998487 -0.0166191 -10.1812 0.854779 -0.0362478 0.517724 239.236
0.565682 -0.0439548 -0.823451 -18.8054 0.0575 0.99825 -0.0137849 -10.1963 0.822616 -0.0395506 0.56722 239.479
0.614297 -0.0475804 -0.787639 -19.0692 0.0597123 0.998121 -0.0137245 -10.2014 0.786812 -0.0386008 0.615984 239.745
0.662714 -0.0526386 -0.74702 -19.3324 0.0617532 0.997971 -0.0155379 -10.2022 0.746322 -0.0358337 0.664619 240.034
0.710083 -0.0534872 -0.702084 -19.5847 0.0602994 0.998067 -0.0150498 -10.2077 0.701532 -0.0316486 0.711935 240.342
0.75529 -0.0528778 -0.653255 -19.8283 0.0597176 0.998146 -0.0117499 -10.2158 0.652665 -0.0301362 0.757047 240.68
0.796415 -0.0523911 -0.602477 -20.0674 0.0618426 0.998073 -0.00504221 -10.2203 0.60158 -0.033243 0.798121 241.058
0.832362 -0.0552819 -0.551468 -20.2747 0.0665083 0.997786 0.000361873 -10.2214 0.550227 -0.0369784 0.834196 241.458
0.864049 -0.0588972 -0.499951 -20.4664 0.0714575 0.997426 0.00599492 -10.224 0.498311 -0.0409051 0.866033 241.877
0.891431 -0.0615052 -0.448963 -20.639 0.0739558 0.997209 0.0102302 -10.2226 0.447081 -0.0423229 0.893492 242.321
0.914544 -0.0643016 -0.399344 -20.8025 0.0755871 0.99706 0.0125585 -10.2219 0.397362 -0.0416705 0.916715 242.786
0.933621 -0.0655308 -0.352219 -20.9515 0.074635 0.997135 0.0123154 -10.2132 0.350402 -0.0377858 0.935837 243.269
0.949356 -0.0660165 -0.307189 -21.0859 0.0738707 0.99717 0.0139979 -10.2069 0.305395 -0.0359813 0.951546 243.781
0.961608 -0.0666809 -0.266202 -21.2094 0.0741237 0.997087 0.0179989 -10.2001 0.264226 -0.0370397 0.963749 244.316
0.970964 -0.066665 -0.229748 -21.3183 0.073698 0.997034 0.0221583 -10.1968 0.22759 -0.038447 0.972998 244.87
0.977802 -0.0672463 -0.198445 -21.4159 0.0737784 0.996943 0.0256994 -10.1856 0.19611 -0.0397699 0.979775 245.447
0.982533 -0.070361 -0.172273 -21.5047 0.0762862 0.996692 0.0280104 -10.1698 0.169732 -0.0406632 0.984651 246.041
0.98574 -0.0735106 -0.15137 -21.5836 0.0789119 0.996431 0.0299817 -10.1593 0.148626 -0.0414991 0.988022 246.653
0.987924 -0.0756434 -0.135216 -21.6618 0.0805976 0.996248 0.0315408 -10.1374 0.132323 -0.042058 0.990314 247.281
0.989476 -0.0763064 -0.122939 -21.7345 0.0808582 0.996197 0.0324634 -10.1158 0.119995 -0.0420624 0.991883 247.926
0.990551 -0.0768354 -0.113601 -21.8022 0.0810534 0.996164 0.0329834 -10.1063 0.110631 -0.0418795 0.992979 248.577
0.991489 -0.0764866 -0.105349 -21.8713 0.0803274 0.996232 0.0327044 -10.088 0.102451 -0.0408885 0.993897 249.253
0.99208 -0.0775767 -0.098789 -21.9391 0.081094 0.99619 0.0320951 -10.0715 0.0959227 -0.0398521 0.994591 249.948
0.992396 -0.0785155 -0.0947874 -22.0035 0.0818591 0.996133 0.0319118 -10.0562 0.0919153 -0.0394284 0.994986 250.65
0.992574 -0.0791758 -0.0923499 -22.0666 0.0824606 0.996071 0.032307 -10.0359 0.0894291 -0.0396823 0.995202 251.365
0.992727 -0.0792195 -0.0906469 -22.1323 0.0825622 0.996015 0.0337348 -10.0187 0.0876132 -0.0409735 0.995312 252.102
0.992854 -0.078656 -0.0897429 -22.2017 0.082133 0.995981 0.0357277 -9.99447 0.086572 -0.0428432 0.995324 252.861
0.992858 -0.0791937 -0.0892265 -22.2687 0.0829047 0.995807 0.0386756 -9.97649 0.0857895 -0.0457967 0.99526 253.631
0.992764 -0.0796203 -0.0898901 -22.3361 0.0833811 0.995759 0.038882 -9.94615 0.0864131 -0.0460957 0.995192 254.425
0.992551 -0.0803136 -0.091612 -22.4099 0.0840006 0.995774 0.03712 -9.91759 0.0882436 -0.0445389 0.995103 255.215
0.992332 -0.0812962 -0.0931 -22.4852 0.0846645 0.995869 0.0328131 -9.88366 0.0900479 -0.0404438 0.995116 256.012
0.992323 -0.0803467 -0.0940177 -22.5715 0.0831593 0.996187 0.026384 -9.85051 0.0915393 -0.0339999 0.995221 256.83
0.992534 -0.07808 -0.0937038 -22.6677 0.080478 0.996512 0.0220846 -9.82652 0.0916526 -0.0294608 0.995355 257.671
0.992639 -0.0763756 -0.093995 -22.7554 0.0788048 0.996638 0.0224042 -9.80656 0.0919679 -0.0296465 0.995321 258.529
0.992613 -0.0761785 -0.0944212 -22.8427 0.0792489 0.996427 0.0292007 -9.78855 0.0918594 -0.0364678 0.995104 259.394
0.992597 -0.0761642 -0.0946013 -22.9329 0.0801427 0.996021 0.0389878 -9.769 0.0912554 -0.0462808 0.994751 260.281
0.99243 -0.0781368 -0.0947539 -23.0244 0.0825943 0.995609 0.0440649 -9.74854 0.0908947 -0.0515574 0.994525 261.18
0.992114 -0.0820056 -0.0947936 -23.1142 0.0862177 0.995423 0.0412212 -9.7137 0.0909794 -0.049069 0.994643 262.077
0.991776 -0.0851407 -0.09556 -23.1964 0.0887382 0.995473 0.0340429 -9.68627 0.092229 -0.0422427 0.994841 262.978
0.991413 -0.0881541 -0.0965853 -23.2834 0.0911223 0.99548 0.0267555 -9.65996 0.0937901 -0.0353268 0.994965 263.9
0.991234 -0.0891568 -0.0974968 -23.3776 0.0917404 0.995532 0.0223367 -9.64253 0.0950697 -0.0310853 0.994985 264.842
0.99121 -0.0887979 -0.0980717 -23.4753 0.0912987 0.995596 0.0213048 -9.62608 0.0957479 -0.0300714 0.994951 265.794
0.991422 -0.0856566 -0.0987227 -23.583 0.0883279 0.995826 0.0230059 -9.60992 0.09634 -0.0315285 0.994849 266.743
0.991492 -0.0842506 -0.0992238 -23.6886 0.0875748 0.995717 0.0296297 -9.5891 0.0963025 -0.0380671 0.994624 267.713
0.991497 -0.0835704 -0.0997467 -23.7842 0.0876103 0.995474 0.0368252 -9.57021 0.0962178 -0.0452509 0.994331 268.699
0.991443 -0.0840939 -0.0998432 -23.8821 0.0884805 0.995261 0.0403433 -9.53736 0.0959774 -0.0488322 0.994185 269.7
0.991391 -0.0851747 -0.099449 -23.9847 0.089346 0.995265 0.0382652 -9.50676 0.095719 -0.0468212 0.994307 270.703
0.991307 -0.0866588 -0.0990008 -24.0894 0.0904144 0.995321 0.0340922 -9.47698 0.0955831 -0.0427469 0.994503 271.706
0.991188 -0.0877671 -0.0992099 -24.193 0.0911598 0.995379 0.0301886 -9.44636 0.0961019 -0.0389665 0.994608 272.724
0.990986 -0.0897653 -0.0994409 -24.2966 0.0930533 0.995241 0.0289261 -9.42947 0.0963711 -0.0379187 0.994623 273.735
0.99088 -0.0898352 -0.10043 -24.4036 0.0931984 0.995216 0.0293041 -9.40975 0.0973171 -0.0383967 0.994512 274.763
0.990542 -0.0914879 -0.102258 -24.51 0.0952102 0.994939 0.032123 -9.38483 0.0988012 -0.0415552 0.994239 275.81
0.990258 -0.0917594 -0.104733 -24.6175 0.0959577 0.994743 0.0357658 -9.36855 0.100901 -0.0454674 0.993857 276.875
0.989806 -0.0943047 -0.10673 -24.7268 0.0984197 0.994565 0.033957 -9.35074 0.102948 -0.0441152 0.993708 277.923
0.98933 -0.09753 -0.108228 -24.8426 0.101146 0.994465 0.0284312 -9.33097 0.104856 -0.0390747 0.99372 278.974
0.989202 -0.0974077 -0.1095 -24.9632 0.100592 0.99464 0.023934 -9.30704 0.106581 -0.0346904 0.993699 280.023
0.989104 -0.0969846 -0.110756 -25.0839 0.100095 0.994715 0.0228595 -9.29392 0.107953 -0.0336965 0.993585 281.078
0.98909 -0.0951178 -0.112484 -25.2119 0.098431 0.994848 0.0242641 -9.27858 0.109597 -0.0350714 0.993357 282.13
0.989059 -0.0932594 -0.114304 -25.3384 0.0970419 0.994887 0.0279741 -9.26586 0.111111 -0.0387603 0.993052 283.182
0.989079 -0.0906873 -0.116184 -25.4726 0.0951081 0.994917 0.0330774 -9.25226 0.112593 -0.0437662 0.992677 284.233
0.989077 -0.0888363 -0.117625 -25.6088 0.0937225 0.994923 0.0366717 -9.23525 0.11377 -0.0472952 0.992381 285.284
0.989141 -0.0866926 -0.11868 -25.7346 0.0917237 0.995074 0.0375973 -9.21845 0.114836 -0.0480748 0.99222 286.335
0.989013 -0.0877256 -0.118984 -25.8576 0.0926935 0.995012 0.0368713 -9.19545 0.115156 -0.0474952 0.992211 287.388
0.98896 -0.0888915 -0.118563 -25.9844 0.0936135 0.994998 0.0348604 -9.17147 0.114871 -0.0455746 0.992334 288.432
0.988973 -0.088669 -0.118617 -26.103 0.0929855 0.995174 0.0313535 -9.14959 0.115264 -0.0420374 0.992445 289.472
0.988797 -0.0910224 -0.118299 -26.2349 0.0948844 0.995111 0.0274228 -9.12545 0.115225 -0.0383404 0.992599 290.517
0.988852 -0.0903461 -0.118359 -26.3626 0.0940395 0.995229 0.0259895 -9.1077 0.115447 -0.0368303 0.992631 291.549
0.988983 -0.0895799 -0.117843 -26.4888 0.093433 0.995244 0.0275773 -9.09365 0.114813 -0.0382839 0.992649 292.583
0.989176 -0.0873378 -0.117908 -26.6144 0.0914984 0.995343 0.0303373 -9.07638 0.11471 -0.0407974 0.992561 293.603
0.989437 -0.0853645 -0.117167 -26.7478 0.0896628 0.995461 0.0319085 -9.06275 0.113911 -0.0420769 0.9926 294.619
0.989568 -0.0838592 -0.117147 -26.8717 0.088208 0.995574 0.0324361 -9.03528 0.113909 -0.0424311 0.992585 295.641
0.989745 -0.0819828 -0.116981 -27.0038 0.0867346 0.995577 0.0361169 -9.00879 0.113503 -0.0458928 0.992477 296.664
0.989904 -0.0797795 -0.117152 -27.1242 0.0850647 0.995539 0.0408215 -8.98247 0.113372 -0.0503748 0.992275 297.682
0.990159 -0.0771323 -0.116769 -27.2488 0.0823571 0.995776 0.0405943 -8.95293 0.113145 -0.0498116 0.992329 298.711
0.9904 -0.0750987 -0.116056 -27.3771 0.079681 0.996193 0.0353551 -8.92428 0.112959 -0.0442631 0.992613 299.708
0.990614 -0.0730516 -0.115534 -27.5032 0.0770858 0.996547 0.0308375 -8.90228 0.112883 -0.0394541 0.992825 300.712
0.990844 -0.071094 -0.114781 -27.6301 0.0748234 0.996789 0.0285113 -8.88382 0.112385 -0.0368385 0.992982 301.728
